"4137010100113","주공4","84.34","2000"," "," ","9701","2","1","2006",," 오산동","9","922-4","41370",,"N"
"4137010100113","주공4","84.34","2000"," "," ","9410","5","1","2006",," 오산동","4","922-4","41370",,"N"
"4137010100113","주공4","84.34","2000"," "," ","9701","6","1","2006",," 오산동","13","922-4","41370",,"N"
"4137010100113","주공4","84.34","2000"," "," ","9701","9","1","2006",," 오산동","6","922-4","41370",,"N"
"4137010100113","주공4","84.34","2000"," "," ","9119","10","1","2006",," 오산동","23","922-4","41370",,"N"
"4137010100113","주공4","84.34","2000"," "," ","9701","16","1","2006",," 오산동","6","922-4","41370",,"N"
"4137010100113","주공4","84.34","2000"," "," ","9410","16","1","2006",," 오산동","3","922-4","41370",,"N"
"4137010100113","주공4","84.34","2000"," "," ","9701","16","1","2006",," 오산동","16","922-4","41370",,"N"
"4137010100113","주공4","84.34","2000"," "," ","9701","17","1","2006",," 오산동","13","922-4","41370",,"N"
"4137010100113","주공4","84.34","2000"," "," ","9119","17","1","2006",," 오산동","18","922-4","41370",,"N"
"4137010100113","주공4","84.34","2000"," "," ","9701","17","1","2006",," 오산동","5","922-4","41370",,"N"
"4137010100113","주공4","84.34","2000"," "," ","9701","18","1","2006",," 오산동","5","922-4","41370",,"N"
"4137010100113","주공4","84.34","2000"," "," ","9701","18","1","2006",," 오산동","5","922-4","41370",,"N"
"4137010100113","주공4","84.34","2000"," "," ","9701","18","1","2006",," 오산동","10","922-4","41370",,"N"
"4137010100113","주공4","84.34","2000"," "," ","9701","19","1","2006",," 오산동","11","922-4","41370",,"N"
"4137010100113","주공4","84.34","2000"," "," ","9701","20","1","2006",," 오산동","11","922-4","41370",,"N"
"4137010100113","주공4","84.34","2000"," "," ","9701","20","1","2006",," 오산동","5","922-4","41370",,"N"
"4137010100113","주공4","84.34","2000"," "," ","17200","23","1","2006",," 오산동","19","922-4","41370",,"N"
"4137010100113","주공4","84.34","2000"," "," ","9701","23","1","2006",," 오산동","15","922-4","41370",,"N"
"4137010100113","주공4","84.34","2000"," "," ","9410","23","1","2006",," 오산동","4","922-4","41370",,"N"
"4137010100113","주공4","84.34","2000"," "," ","9701","24","1","2006",," 오산동","17","922-4","41370",,"N"
"4137010100113","주공4","84.34","2000"," "," ","9701","24","1","2006",," 오산동","17","922-4","41370",,"N"
"4137010100113","주공4","84.34","2000"," "," ","9701","24","1","2006",," 오산동","14","922-4","41370",,"N"
"4137010100113","주공4","84.34","2000"," "," ","9701","24","1","2006",," 오산동","9","922-4","41370",,"N"
"4137010100113","주공4","84.34","2000"," "," ","9701","24","1","2006",," 오산동","7","922-4","41370",,"N"
"4137010100113","주공4","84.34","2000"," "," ","9701","24","1","2006",," 오산동","6","922-4","41370",,"N"
"4137010100113","주공4","84.34","2000"," "," ","9410","24","1","2006",," 오산동","4","922-4","41370",,"N"
"4137010100113","주공4","84.34","2000"," "," ","9410","24","1","2006",," 오산동","4","922-4","41370",,"N"
"4137010100113","주공4","84.34","2000"," "," ","9410","24","1","2006",," 오산동","3","922-4","41370",,"N"
"4137010100113","주공4","84.34","2000"," "," ","9410","24","1","2006",," 오산동","19","922-4","41370",,"N"
"4137010100113","주공4","84.34","2000"," "," ","9701","24","1","2006",," 오산동","17","922-4","41370",,"N"
"4137010100113","주공4","84.34","2000"," "," ","9701","24","1","2006",," 오산동","17","922-4","41370",,"N"
"4137010100113","주공4","84.34","2000"," "," ","9701","24","1","2006",," 오산동","14","922-4","41370",,"N"
"4137010100113","주공4","84.34","2000"," "," ","9701","24","1","2006",," 오산동","12","922-4","41370",,"N"
"4137010100113","주공4","84.34","2000"," "," ","8925","24","1","2006",," 오산동","1","922-4","41370",,"N"
"4137010100113","주공4","84.34","2000"," "," ","9701","24","1","2006",," 오산동","10","922-4","41370",,"N"
"4137010100113","주공4","84.34","2000"," "," ","9701","24","1","2006",," 오산동","8","922-4","41370",,"N"
"4137010100113","주공4","84.34","2000"," "," ","9701","24","1","2006",," 오산동","8","922-4","41370",,"N"
"4137010100113","주공4","84.34","2000"," "," ","9119","24","1","2006",," 오산동","2","922-4","41370",,"N"
"4137010100113","주공4","84.34","2000"," "," ","9119","24","1","2006",," 오산동","20","922-4","41370",,"N"
"4137010100113","주공4","84.34","2000"," "," ","9410","24","1","2006",," 오산동","19","922-4","41370",,"N"
"4137010100113","주공4","84.34","2000"," "," ","9701","24","1","2006",," 오산동","18","922-4","41370",,"N"
"4137010100113","주공4","84.34","2000"," "," ","9701","24","1","2006",," 오산동","17","922-4","41370",,"N"
"4137010100113","주공4","84.34","2000"," "," ","9701","24","1","2006",," 오산동","15","922-4","41370",,"N"
"4137010100113","주공4","84.34","2000"," "," ","9701","24","1","2006",," 오산동","15","922-4","41370",,"N"
"4137010100113","주공4","84.34","2000"," "," ","9701","24","1","2006",," 오산동","14","922-4","41370",,"N"
"4137010100113","주공4","84.34","2000"," "," ","8925","24","1","2006",," 오산동","1","922-4","41370",,"N"
"4137010100113","주공4","84.34","2000"," "," ","9701","24","1","2006",," 오산동","10","922-4","41370",,"N"
"4137010100113","주공4","84.34","2000"," "," ","9701","24","1","2006",," 오산동","10","922-4","41370",,"N"
"4137010100113","주공4","84.34","2000"," "," ","9119","24","1","2006",," 오산동","17","922-4","41370",,"N"
"4137010100113","주공4","84.34","2000"," "," ","9701","24","1","2006",," 오산동","12","922-4","41370",,"N"
"4137010100113","주공4","84.34","2000"," "," ","9701","24","1","2006",," 오산동","6","922-4","41370",,"N"
"4137010100113","주공4","84.34","2000"," "," ","9701","24","1","2006",," 오산동","11","922-4","41370",,"N"
"4137010100113","주공4","84.34","2000"," "," ","9410","24","1","2006",," 오산동","16","922-4","41370",,"N"
"4137010100113","주공4","84.34","2000"," "," ","9701","24","1","2006",," 오산동","14","922-4","41370",,"N"
"4137010100113","주공4","84.34","2000"," "," ","9701","24","1","2006",," 오산동","12","922-4","41370",,"N"
"4137010100113","주공4","84.34","2000"," "," ","9701","24","1","2006",," 오산동","13","922-4","41370",,"N"
"4137010100113","주공4","84.34","2000"," "," ","9701","24","1","2006",," 오산동","13","922-4","41370",,"N"
"4137010100113","주공4","84.34","2000"," "," ","9701","24","1","2006",," 오산동","9","922-4","41370",,"N"
"4137010100113","주공4","84.34","2000"," "," ","9701","24","1","2006",," 오산동","16","922-4","41370",,"N"
"4137010100113","주공4","84.34","2000"," "," ","9701","24","1","2006",," 오산동","16","922-4","41370",,"N"
"4137010100113","주공4","84.34","2000"," "," ","9701","24","1","2006",," 오산동","16","922-4","41370",,"N"
"4137010100113","주공4","84.34","2000"," "," ","9701","24","1","2006",," 오산동","6","922-4","41370",,"N"
"4137010100113","주공4","84.34","2000"," "," ","9701","24","1","2006",," 오산동","8","922-4","41370",,"N"
"4137010100113","주공4","84.34","2000"," "," ","9701","24","1","2006",," 오산동","8","922-4","41370",,"N"
"4137010100113","주공4","84.34","2000"," "," ","9701","24","1","2006",," 오산동","7","922-4","41370",,"N"
"4137010100113","주공4","84.34","2000"," "," ","9701","24","1","2006",," 오산동","7","922-4","41370",,"N"
"4137010100113","주공4","84.34","2000"," "," ","9701","24","1","2006",," 오산동","7","922-4","41370",,"N"
"4137010100113","주공4","84.34","2000"," "," ","9410","24","1","2006",," 오산동","3","922-4","41370",,"N"
"4137010100113","주공4","84.34","2000"," "," ","9410","24","1","2006",," 오산동","3","922-4","41370",,"N"
"4137010100113","주공4","84.34","2000"," "," ","9701","24","1","2006",," 오산동","21","922-4","41370",,"N"
"4137010100113","주공4","84.34","2000"," "," ","9119","24","1","2006",," 오산동","2","922-4","41370",,"N"
"4137010100113","주공4","84.34","2000"," "," ","9119","24","1","2006",," 오산동","2","922-4","41370",,"N"
"4137010100113","주공4","84.34","2000"," "," ","9701","24","1","2006",," 오산동","20","922-4","41370",,"N"
"4137010100113","주공4","84.34","2000"," "," ","9701","24","1","2006",," 오산동","18","922-4","41370",,"N"
"4137010100113","주공4","84.34","2000"," "," ","9701","25","1","2006",," 오산동","13","922-4","41370",,"N"
"4137010100113","주공4","84.34","2000"," "," ","9701","25","1","2006",," 오산동","10","922-4","41370",,"N"
"4137010100113","주공4","84.34","2000"," "," ","8925","25","1","2006",," 오산동","1","922-4","41370",,"N"
"4137010100113","주공4","84.34","2000"," "," ","9701","25","1","2006",," 오산동","12","922-4","41370",,"N"
"4137010100113","주공4","84.34","2000"," "," ","9701","25","1","2006",," 오산동","17","922-4","41370",,"N"
"4137010100113","주공4","84.34","2000"," "," ","9410","25","1","2006",," 오산동","4","922-4","41370",,"N"
"4137010100113","주공4","84.34","2000"," "," ","9701","25","1","2006",," 오산동","8","922-4","41370",,"N"
"4137010100113","주공4","84.34","2000"," "," ","8925","25","1","2006",," 오산동","1","922-4","41370",,"N"
"4137010100113","주공4","84.34","2000"," "," ","8925","25","1","2006",," 오산동","1","922-4","41370",,"N"
"4137010100113","주공4","84.34","2000"," "," ","9701","25","1","2006",," 오산동","11","922-4","41370",,"N"
"4137010100113","주공4","84.34","2000"," "," ","9701","25","1","2006",," 오산동","12","922-4","41370",,"N"
"4137010100113","주공4","84.34","2000"," "," ","9701","25","1","2006",," 오산동","16","922-4","41370",,"N"
"4137010100113","주공4","84.34","2000"," "," ","9701","25","1","2006",," 오산동","16","922-4","41370",,"N"
"4137010100113","주공4","84.34","2000"," "," ","9701","25","1","2006",," 오산동","7","922-4","41370",,"N"
"4137010100113","주공4","84.34","2000"," "," ","9701","25","1","2006",," 오산동","9","922-4","41370",,"N"
"4137010100113","주공4","84.34","2000"," "," ","8925","25","1","2006",," 오산동","1","922-4","41370",,"N"
"4137010100113","주공4","84.34","2000"," "," ","8925","25","1","2006",," 오산동","1","922-4","41370",,"N"
"4137010100113","주공4","84.34","2000"," "," ","9701","25","1","2006",," 오산동","13","922-4","41370",,"N"
"4137010100113","주공4","84.34","2000"," "," ","9701","25","1","2006",," 오산동","17","922-4","41370",,"N"
"4137010100113","주공4","84.34","2000"," "," ","9410","25","1","2006",," 오산동","4","922-4","41370",,"N"
"4137010100113","주공4","84.34","2000"," "," ","9701","25","1","2006",," 오산동","9","922-4","41370",,"N"
"4137010100113","주공4","84.34","2000"," "," ","8925","25","1","2006",," 오산동","1","922-4","41370",,"N"
"4137010100113","주공4","84.34","2000"," "," ","9701","25","1","2006",," 오산동","14","922-4","41370",,"N"
"4137010100113","주공4","84.34","2000"," "," ","9410","25","1","2006",," 오산동","17","922-4","41370",,"N"
"4137010100113","주공4","84.34","2000"," "," ","9119","25","1","2006",," 오산동","2","922-4","41370",,"N"
"4137010100113","주공4","84.34","2000"," "," ","9410","25","1","2006",," 오산동","4","922-4","41370",,"N"
"4137010100113","주공4","84.34","2000"," "," ","9701","25","1","2006",," 오산동","10","922-4","41370",,"N"
"4137010100113","주공4","84.34","2000"," "," ","9701","25","1","2006",," 오산동","11","922-4","41370",,"N"
"4137010100113","주공4","84.34","2000"," "," ","9701","25","1","2006",," 오산동","13","922-4","41370",,"N"
"4137010100113","주공4","84.34","2000"," "," ","9701","25","1","2006",," 오산동","14","922-4","41370",,"N"
"4137010100113","주공4","84.34","2000"," "," ","9701","25","1","2006",," 오산동","14","922-4","41370",,"N"
"4137010100113","주공4","84.34","2000"," "," ","9701","25","1","2006",," 오산동","16","922-4","41370",,"N"
"4137010100113","주공4","84.34","2000"," "," ","9119","25","1","2006",," 오산동","18","922-4","41370",,"N"
"4137010100113","주공4","84.34","2000"," "," ","9701","25","1","2006",," 오산동","9","922-4","41370",,"N"
"4137010100113","주공4","84.34","2000"," "," ","9701","25","1","2006",," 오산동","10","922-4","41370",,"N"
"4137010100113","주공4","84.34","2000"," "," ","8925","25","1","2006",," 오산동","1","922-4","41370",,"N"
"4137010100113","주공4","84.34","2000"," "," ","9701","25","1","2006",," 오산동","11","922-4","41370",,"N"
"4137010100113","주공4","84.34","2000"," "," ","9701","25","1","2006",," 오산동","12","922-4","41370",,"N"
"4137010100113","주공4","84.34","2000"," "," ","9410","25","1","2006",," 오산동","16","922-4","41370",,"N"
"4137010100113","주공4","84.34","2000"," "," ","9410","25","1","2006",," 오산동","3","922-4","41370",,"N"
"4137010100113","주공4","84.34","2000"," "," ","9701","25","1","2006",," 오산동","7","922-4","41370",,"N"
"4137010100113","주공4","84.34","2000"," "," ","9701","25","1","2006",," 오산동","7","922-4","41370",,"N"
"4137010100113","주공4","84.34","2000"," "," ","9701","25","1","2006",," 오산동","9","922-4","41370",,"N"
"4137010100113","주공4","84.34","2000"," "," ","9701","25","1","2006",," 오산동","9","922-4","41370",,"N"
"4137010100113","주공4","84.34","2000"," "," ","9701","25","1","2006",," 오산동","10","922-4","41370",,"N"
"4137010100113","주공4","84.34","2000"," "," ","9701","25","1","2006",," 오산동","11","922-4","41370",,"N"
"4137010100113","주공4","84.34","2000"," "," ","9701","25","1","2006",," 오산동","15","922-4","41370",,"N"
"4137010100113","주공4","84.34","2000"," "," ","9119","25","1","2006",," 오산동","2","922-4","41370",,"N"
"4137010100113","주공4","84.34","2000"," "," ","9701","25","1","2006",," 오산동","6","922-4","41370",,"N"
"4137010100113","주공4","84.34","2000"," "," ","9701","26","1","2006",," 오산동","8","922-4","41370",,"N"
"4137010100113","주공4","84.34","2000"," "," ","9701","26","1","2006",," 오산동","7","922-4","41370",,"N"
"4137010100113","주공4","84.34","2000"," "," ","9701","26","1","2006",," 오산동","15","922-4","41370",,"N"
"4137010100113","주공4","84.34","2000"," "," ","9119","26","1","2006",," 오산동","20","922-4","41370",,"N"
"4137010100113","주공4","84.34","2000"," "," ","9119","26","1","2006",," 오산동","17","922-4","41370",,"N"
"4137010100113","주공4","84.34","2000"," "," ","9410","26","1","2006",," 오산동","16","922-4","41370",,"N"
"4137010100113","주공4","84.34","2000"," "," ","9410","26","1","2006",," 오산동","16","922-4","41370",,"N"
"4137010100113","주공4","84.34","2000"," "," ","9701","26","1","2006",," 오산동","15","922-4","41370",,"N"
"4137010100113","주공4","84.34","2000"," "," ","9701","26","1","2006",," 오산동","12","922-4","41370",,"N"
"4137010100113","주공4","84.34","2000"," "," ","9701","26","1","2006",," 오산동","12","922-4","41370",,"N"
"4137010100113","주공4","84.34","2000"," "," ","9701","26","1","2006",," 오산동","8","922-4","41370",,"N"
"4137010100113","주공4","84.34","2000"," "," ","9701","26","1","2006",," 오산동","8","922-4","41370",,"N"
"4137010100113","주공4","84.34","2000"," "," ","8925","26","1","2006",," 오산동","1","922-4","41370",,"N"
"4137010100113","주공4","84.34","2000"," "," ","9701","26","1","2006",," 오산동","15","922-4","41370",,"N"
"4137010100113","주공4","84.34","2000"," "," ","9701","26","1","2006",," 오산동","12","922-4","41370",,"N"
"4137010100113","주공4","84.34","2000"," "," ","9410","26","1","2006",," 오산동","3","922-4","41370",,"N"
"4137010100113","주공4","84.34","2000"," "," ","8925","27","1","2006",," 오산동","1","922-4","41370",,"N"
"4137010100113","주공4","84.34","2000"," "," ","9410","27","1","2006",," 오산동","3","922-4","41370",,"N"
"4137010100113","주공4","84.34","2000"," "," ","9701","27","1","2006",," 오산동","15","922-4","41370",,"N"
"4137010100113","주공4","84.34","2000"," "," ","9701","27","1","2006",," 오산동","13","922-4","41370",,"N"
"4137010100113","주공4","84.34","2000"," "," ","9701","27","1","2006",," 오산동","8","922-4","41370",,"N"
"4137010100113","주공4","84.34","2000"," "," ","9410","27","1","2006",," 오산동","22","922-4","41370",,"N"
"4137010100113","주공4","84.34","2000"," "," ","9701","27","1","2006",," 오산동","17","922-4","41370",,"N"
"4137010100113","주공4","84.34","2000"," "," ","9701","27","1","2006",," 오산동","6","922-4","41370",,"N"
"4137010100113","주공4","84.34","2000"," "," ","9701","27","1","2006",," 오산동","15","922-4","41370",,"N"
"4137010100113","주공4","84.34","2000"," "," ","9701","27","1","2006",," 오산동","10","922-4","41370",,"N"
"4137010100113","주공4","84.34","2000"," "," ","9701","27","1","2006",," 오산동","6","922-4","41370",,"N"
"4137010100113","주공4","84.34","2000"," "," ","9701","31","1","2006",," 오산동","17","922-4","41370",,"N"
"4137010100113","주공4","84.34","2000"," "," ","9701","31","1","2006",," 오산동","16","922-4","41370",,"N"
"4137010100113","주공4","84.34","2000"," "," ","9701","31","1","2006",," 오산동","15","922-4","41370",,"N"
"4137010100113","주공4","84.34","2000"," "," ","9701","31","1","2006",," 오산동","16","922-4","41370",,"N"
"4137010100113","주공4","84.34","2000"," "," ","9410","31","1","2006",," 오산동","17","922-4","41370",,"N"
"4137010100113","주공4","84.34","2000"," "," ","9701","31","1","2006",," 오산동","5","922-4","41370",,"N"
"4137010100113","주공4","84.34","2000"," "," ","9419","31","1","2006",," 오산동","18","922-4","41370",,"N"
"4137010100113","주공4","84.34","2000"," "," ","9701","31","1","2006",," 오산동","7","922-4","41370",,"N"
"4137010100113","주공4","84.34","2000"," "," ","9701","1","2","2006",," 오산동","8","922-4","41370",,"N"
"4137010100113","주공4","84.34","2000"," "," ","9119","1","2","2006",," 오산동","2","922-4","41370",,"N"
"4137010100113","주공4","84.34","2000"," "," ","9701","1","2","2006",," 오산동","5","922-4","41370",,"N"
"4137010100113","주공4","84.34","2000"," "," ","9701","1","2","2006",," 오산동","10","922-4","41370",,"N"
"4137010100113","주공4","84.34","2000"," "," ","9701","2","2","2006",," 오산동","12","922-4","41370",,"N"
"4137010100113","주공4","84.34","2000"," "," ","9701","2","2","2006",," 오산동","15","922-4","41370",,"N"
"4137010100113","주공4","84.34","2000"," "," ","9701","2","2","2006",," 오산동","6","922-4","41370",,"N"
"4137010100113","주공4","84.34","2000"," "," ","9701","2","2","2006",," 오산동","15","922-4","41370",,"N"
"4137010100113","주공4","84.34","2000"," "," ","9701","3","2","2006",," 오산동","19","922-4","41370",,"N"
"4137010100113","주공4","84.34","2000"," "," ","9410","6","2","2006",," 오산동","19","922-4","41370",,"N"
"4137010100113","주공4","84.34","2000"," "," ","9701","6","2","2006",," 오산동","15","922-4","41370",,"N"
"4137010100113","주공4","84.34","2000"," "," ","8925","6","2","2006",," 오산동","1","922-4","41370",,"N"
"4137010100113","주공4","84.34","2000"," "," ","8925","6","2","2006",," 오산동","1","922-4","41370",,"N"
"4137010100113","주공4","84.34","2000"," "," ","9410","6","2","2006",," 오산동","3","922-4","41370",,"N"
"4137010100113","주공4","84.34","2000"," "," ","9119","6","2","2006",," 오산동","17","922-4","41370",,"N"
"4137010100113","주공4","84.34","2000"," "," ","9701","6","2","2006",," 오산동","12","922-4","41370",,"N"
"4137010100113","주공4","84.34","2000"," "," ","8925","6","2","2006",," 오산동","1","922-4","41370",,"N"
"4137010100113","주공4","84.34","2000"," "," ","9701","6","2","2006",," 오산동","6","922-4","41370",,"N"
"4137010100113","주공4","84.34","2000"," "," ","9119","6","2","2006",," 오산동","17","922-4","41370",,"N"
"4137010100113","주공4","84.34","2000"," "," ","9119","6","2","2006",," 오산동","17","922-4","41370",,"N"
"4137010100113","주공4","84.34","2000"," "," ","9119","6","2","2006",," 오산동","17","922-4","41370",,"N"
"4137010100113","주공4","84.34","2000"," "," ","9410","6","2","2006",," 오산동","16","922-4","41370",,"N"
"4137010100113","주공4","84.34","2000"," "," ","9701","6","2","2006",," 오산동","11","922-4","41370",,"N"
"4137010100113","주공4","84.34","2000"," "," ","9701","6","2","2006",," 오산동","8","922-4","41370",,"N"
"4137010100113","주공4","84.34","2000"," "," ","9701","6","2","2006",," 오산동","7","922-4","41370",,"N"
"4137010100113","주공4","84.34","2000"," "," ","9701","6","2","2006",," 오산동","7","922-4","41370",,"N"
"4137010100113","주공4","84.34","2000"," "," ","9701","6","2","2006",," 오산동","6","922-4","41370",,"N"
"4137010100113","주공4","84.34","2000"," "," ","9701","6","2","2006",," 오산동","5","922-4","41370",,"N"
"4137010100113","주공4","84.34","2000"," "," ","9410","6","2","2006",," 오산동","4","922-4","41370",,"N"
"4137010100113","주공4","84.34","2000"," "," ","9119","6","2","2006",," 오산동","18","922-4","41370",,"N"
"4137010100113","주공4","84.34","2000"," "," ","9410","6","2","2006",," 오산동","17","922-4","41370",,"N"
"4137010100113","주공4","84.34","2000"," "," ","9701","6","2","2006",," 오산동","16","922-4","41370",,"N"
"4137010100113","주공4","84.34","2000"," "," ","9701","6","2","2006",," 오산동","14","922-4","41370",,"N"
"4137010100113","주공4","84.34","2000"," "," ","9701","6","2","2006",," 오산동","12","922-4","41370",,"N"
"4137010100113","주공4","84.34","2000"," "," ","9701","6","2","2006",," 오산동","5","922-4","41370",,"N"
"4137010100113","주공4","84.34","2000"," "," ","9410","6","2","2006",," 오산동","4","922-4","41370",,"N"
"4137010100113","주공4","84.34","2000"," "," ","9410","6","2","2006",," 오산동","17","922-4","41370",,"N"
"4137010100113","주공4","84.34","2000"," "," ","9701","6","2","2006",," 오산동","14","922-4","41370",,"N"
"4137010100113","주공4","84.34","2000"," "," ","9701","6","2","2006",," 오산동","13","922-4","41370",,"N"
"4137010100113","주공4","84.34","2000"," "," ","9701","6","2","2006",," 오산동","11","922-4","41370",,"N"
"4137010100113","주공4","84.34","2000"," "," ","9701","6","2","2006",," 오산동","8","922-4","41370",,"N"
"4137010100113","주공4","84.34","2000"," "," ","9701","6","2","2006",," 오산동","8","922-4","41370",,"N"
"4137010100113","주공4","84.34","2000"," "," ","9410","6","2","2006",," 오산동","3","922-4","41370",,"N"
"4137010100113","주공4","84.34","2000"," "," ","9410","6","2","2006",," 오산동","22","922-4","41370",,"N"
"4137010100113","주공4","84.34","2000"," "," ","9701","6","2","2006",," 오산동","19","922-4","41370",,"N"
"4137010100113","주공4","84.34","2000"," "," ","9701","6","2","2006",," 오산동","18","922-4","41370",,"N"
"4137010100113","주공4","84.34","2000"," "," ","9701","6","2","2006",," 오산동","14","922-4","41370",,"N"
"4137010100113","주공4","84.34","2000"," "," ","9701","6","2","2006",," 오산동","13","922-4","41370",,"N"
"4137010100113","주공4","84.34","2000"," "," ","8925","6","2","2006",," 오산동","1","922-4","41370",,"N"
"4137010100113","주공4","84.34","2000"," "," ","9701","6","2","2006",," 오산동","10","922-4","41370",,"N"
"4137010100113","주공4","84.34","2000"," "," ","9701","6","2","2006",," 오산동","8","922-4","41370",,"N"
"4137010100113","주공4","84.34","2000"," "," ","9119","6","2","2006",," 오산동","2","922-4","41370",,"N"
"4137010100113","주공4","84.34","2000"," "," ","9119","6","2","2006",," 오산동","2","922-4","41370",,"N"
"4137010100113","주공4","84.34","2000"," "," ","9119","6","2","2006",," 오산동","20","922-4","41370",,"N"
"4137010100113","주공4","84.34","2000"," "," ","9119","6","2","2006",," 오산동","20","922-4","41370",,"N"
"4137010100113","주공4","84.34","2000"," "," ","9701","6","2","2006",," 오산동","14","922-4","41370",,"N"
"4137010100113","주공4","84.34","2000"," "," ","9701","6","2","2006",," 오산동","14","922-4","41370",,"N"
"4137010100113","주공4","84.34","2000"," "," ","9701","6","2","2006",," 오산동","6","922-4","41370",,"N"
"4137010100113","주공4","84.34","2000"," "," ","9410","6","2","2006",," 오산동","3","922-4","41370",,"N"
"4137010100113","주공4","84.34","2000"," "," ","9119","6","2","2006",," 오산동","20","922-4","41370",,"N"
"4137010100113","주공4","84.34","2000"," "," ","9701","7","2","2006",," 오산동","13","922-4","41370",,"N"
"4137010100113","주공4","84.34","2000"," "," ","9119","8","2","2006",," 오산동","2","922-4","41370",,"N"
"4137010100113","주공4","84.34","2000"," "," ","9410","8","2","2006",," 오산동","4","922-4","41370",,"N"
"4137010100113","주공4","84.34","2000"," "," ","9701","8","2","2006",," 오산동","5","922-4","41370",,"N"
"4137010100113","주공4","84.34","2000"," "," ","8925","8","2","2006",," 오산동","1","922-4","41370",,"N"
"4137010100113","주공4","84.34","2000"," "," ","9119","9","2","2006",," 오산동","18","922-4","41370",,"N"
"4137010100113","주공4","84.34","2000"," "," ","9410","9","2","2006",," 오산동","19","922-4","41370",,"N"
"4137010100113","주공4","84.34","2000"," "," ","9701","10","2","2006",," 오산동","14","922-4","41370",,"N"
"4137010100113","주공4","84.34","2000"," "," ","9410","13","2","2006",," 오산동","3","922-4","41370",,"N"
"4137010100113","주공4","84.34","2000"," "," ","9701","13","2","2006",," 오산동","12","922-4","41370",,"N"
"4137010100113","주공4","84.34","2000"," "," ","9701","13","2","2006",," 오산동","15","922-4","41370",,"N"
"4137010100113","주공4","84.34","2000"," "," ","9701","13","2","2006",," 오산동","18","922-4","41370",,"N"
"4137010100113","주공4","84.34","2000"," "," ","9701","13","2","2006",," 오산동","8","922-4","41370",,"N"
"4137010100113","주공4","84.34","2000"," "," ","9701","13","2","2006",," 오산동","18","922-4","41370",,"N"
"4137010100113","주공4","84.34","2000"," "," ","9701","13","2","2006",," 오산동","19","922-4","41370",,"N"
"4137010100113","주공4","84.34","2000"," "," ","9701","13","2","2006",," 오산동","15","922-4","41370",,"N"
"4137010100113","주공4","84.34","2000"," "," ","9410","13","2","2006",," 오산동","3","922-4","41370",,"N"
"4137010100113","주공4","84.34","2000"," "," ","9410","13","2","2006",," 오산동","3","922-4","41370",,"N"
"4137010100113","주공4","84.34","2000"," "," ","9701","13","2","2006",," 오산동","5","922-4","41370",,"N"
"4137010100113","주공4","84.34","2000"," "," ","9701","13","2","2006",," 오산동","10","922-4","41370",,"N"
"4137010100113","주공4","84.34","2000"," "," ","9701","13","2","2006",," 오산동","13","922-4","41370",,"N"
"4137010100113","주공4","84.34","2000"," "," ","9701","13","2","2006",," 오산동","8","922-4","41370",,"N"
"4137010100113","주공4","84.34","2000"," "," ","9701","13","2","2006",," 오산동","5","922-4","41370",,"N"
"4137010100113","주공4","84.34","2000"," "," ","9701","13","2","2006",," 오산동","14","922-4","41370",,"N"
"4137010100113","주공4","84.34","2000"," "," ","9701","13","2","2006",," 오산동","7","922-4","41370",,"N"
"4137010100113","주공4","84.34","2000"," "," ","9410","14","2","2006",," 오산동","3","922-4","41370",,"N"
"4137010100113","주공4","84.34","2000"," "," ","9119","14","2","2006",," 오산동","18","922-4","41370",,"N"
"4137010100113","주공4","84.34","2000"," "," ","9119","14","2","2006",," 오산동","2","922-4","41370",,"N"
"4137010100113","주공4","84.34","2000"," "," ","9410","14","2","2006",," 오산동","3","922-4","41370",,"N"
"4137010100113","주공4","84.34","2000"," "," ","9701","14","2","2006",," 오산동","18","922-4","41370",,"N"
"4137010100113","주공4","84.34","2000"," "," ","9410","14","2","2006",," 오산동","4","922-4","41370",,"N"
"4137010100113","주공4","84.34","2000"," "," ","9410","14","2","2006",," 오산동","19","922-4","41370",,"N"
"4137010100113","주공4","84.34","2000"," "," ","9701","14","2","2006",," 오산동","5","922-4","41370",,"N"
"4137010100113","주공4","84.34","2000"," "," ","9701","14","2","2006",," 오산동","14","922-4","41370",,"N"
"4137010100113","주공4","84.34","2000"," "," ","9701","14","2","2006",," 오산동","6","922-4","41370",,"N"
"4137010100113","주공4","84.34","2000"," "," ","9701","15","2","2006",," 오산동","16","922-4","41370",,"N"
"4137010100113","주공4","84.34","2000"," "," ","9701","15","2","2006",," 오산동","7","922-4","41370",,"N"
"4137010100113","주공4","84.34","2000"," "," ","9701","15","2","2006",," 오산동","14","922-4","41370",,"N"
"4137010100113","주공4","84.34","2000"," "," ","9701","15","2","2006",," 오산동","15","922-4","41370",,"N"
"4137010100113","주공4","84.34","2000"," "," ","9410","15","2","2006",," 오산동","16","922-4","41370",,"N"
"4137010100113","주공4","84.34","2000"," "," ","9701","15","2","2006",," 오산동","13","922-4","41370",,"N"
"4137010100113","주공4","84.34","2000"," "," ","9701","17","2","2006",," 오산동","14","922-4","41370",,"N"
"4137010100113","주공4","84.34","2000"," "," ","9701","17","2","2006",," 오산동","10","922-4","41370",,"N"
"4137010100113","주공4","84.34","2000"," "," ","9701","17","2","2006",," 오산동","6","922-4","41370",,"N"
"4137010100113","주공4","84.34","2000"," "," ","9701","17","2","2006",," 오산동","11","922-4","41370",,"N"
"4137010100113","주공4","84.34","2000"," "," ","9410","17","2","2006",," 오산동","3","922-4","41370",,"N"
"4137010100113","주공4","84.34","2000"," "," ","9701","17","2","2006",," 오산동","10","922-4","41370",,"N"
"4137010100113","주공4","84.34","2000"," "," ","9701","17","2","2006",," 오산동","15","922-4","41370",,"N"
"4137010100113","주공4","84.34","2000"," "," ","9701","17","2","2006",," 오산동","6","922-4","41370",,"N"
"4137010100113","주공4","84.34","2000"," "," ","8925","17","2","2006",," 오산동","1","922-4","41370",,"N"
"4137010100113","주공4","84.34","2000"," "," ","9119","17","2","2006",," 오산동","2","922-4","41370",,"N"
"4137010100113","주공4","84.34","2000"," "," ","9701","20","2","2006",," 오산동","15","922-4","41370",,"N"
"4137010100113","주공4","84.34","2000"," "," ","9701","20","2","2006",," 오산동","7","922-4","41370",,"N"
"4137010100113","주공4","84.34","2000"," "," ","9410","20","2","2006",," 오산동","3","922-4","41370",,"N"
"4137010100113","주공4","84.34","2000"," "," ","9119","20","2","2006",," 오산동","23","922-4","41370",,"N"
"4137010100113","주공4","84.34","2000"," "," ","9119","20","2","2006",," 오산동","2","922-4","41370",,"N"
"4137010100113","주공4","84.34","2000"," "," ","9410","20","2","2006",," 오산동","17","922-4","41370",,"N"
"4137010100113","주공4","84.34","2000"," "," ","9701","20","2","2006",," 오산동","12","922-4","41370",,"N"
"4137010100113","주공4","84.34","2000"," "," ","9701","20","2","2006",," 오산동","11","922-4","41370",,"N"
"4137010100113","주공4","84.34","2000"," "," ","9701","20","2","2006",," 오산동","5","922-4","41370",,"N"
"4137010100113","주공4","84.34","2000"," "," ","9701","20","2","2006",," 오산동","12","922-4","41370",,"N"
"4137010100113","주공4","84.34","2000"," "," ","9701","20","2","2006",," 오산동","11","922-4","41370",,"N"
"4137010100113","주공4","84.34","2000"," "," ","9701","20","2","2006",," 오산동","10","922-4","41370",,"N"
"4137010100113","주공4","84.34","2000"," "," ","9701","20","2","2006",," 오산동","9","922-4","41370",,"N"
"4137010100113","주공4","84.34","2000"," "," ","9701","20","2","2006",," 오산동","9","922-4","41370",,"N"
"4137010100113","주공4","84.34","2000"," "," ","9701","20","2","2006",," 오산동","8","922-4","41370",,"N"
"4137010100113","주공4","84.34","2000"," "," ","9701","20","2","2006",," 오산동","18","922-4","41370",,"N"
"4137010100113","주공4","84.34","2000"," "," ","9701","20","2","2006",," 오산동","7","922-4","41370",,"N"
"4137010100113","주공4","84.34","2000"," "," ","9701","20","2","2006",," 오산동","5","922-4","41370",,"N"
"4137010100113","주공4","84.34","2000"," "," ","9410","20","2","2006",," 오산동","4","922-4","41370",,"N"
"4137010100113","주공4","84.34","2000"," "," ","9701","20","2","2006",," 오산동","13","922-4","41370",,"N"
"4137010100113","주공4","84.34","2000"," "," ","9701","20","2","2006",," 오산동","12","922-4","41370",,"N"
"4137010100113","주공4","84.34","2000"," "," ","8925","20","2","2006",," 오산동","1","922-4","41370",,"N"
"4137010100113","주공4","84.34","2000"," "," ","9701","20","2","2006",," 오산동","13","922-4","41370",,"N"
"4137010100113","주공4","84.34","2000"," "," ","9701","20","2","2006",," 오산동","12","922-4","41370",,"N"
"4137010100113","주공4","84.34","2000"," "," ","9701","20","2","2006",," 오산동","8","922-4","41370",,"N"
"4137010100113","주공4","84.34","2000"," "," ","17200","20","2","2006",," 오산동","8","922-4","41370",,"N"
"4137010100113","주공4","84.34","2000"," "," ","9701","20","2","2006",," 오산동","7","922-4","41370",,"N"
"4137010100113","주공4","84.34","2000"," "," ","9701","20","2","2006",," 오산동","6","922-4","41370",,"N"
"4137010100113","주공4","84.34","2000"," "," ","9410","20","2","2006",," 오산동","3","922-4","41370",,"N"
"4137010100113","주공4","84.34","2000"," "," ","9119","20","2","2006",," 오산동","2","922-4","41370",,"N"
"4137010100113","주공4","84.34","2000"," "," ","9410","20","2","2006",," 오산동","17","922-4","41370",,"N"
"4137010100113","주공4","84.34","2000"," "," ","9701","21","2","2006",," 오산동","7","922-4","41370",,"N"
"4137010100113","주공4","84.34","2000"," "," ","9701","22","2","2006",," 오산동","6","922-4","41370",,"N"
"4137010100113","주공4","84.34","2000"," "," ","9701","22","2","2006",," 오산동","11","922-4","41370",,"N"
"4137010100113","주공4","84.34","2000"," "," ","9701","22","2","2006",," 오산동","11","922-4","41370",,"N"
"4137010100113","주공4","84.34","2000"," "," ","9119","22","2","2006",," 오산동","2","922-4","41370",,"N"
"4137010100113","주공4","84.34","2000"," "," ","9701","22","2","2006",," 오산동","18","922-4","41370",,"N"
"4137010100113","주공4","84.34","2000"," "," ","9701","22","2","2006",," 오산동","18","922-4","41370",,"N"
"4137010100113","주공4","84.34","2000"," "," ","9701","22","2","2006",," 오산동","16","922-4","41370",,"N"
"4137010100113","주공4","84.34","2000"," "," ","9119","22","2","2006",," 오산동","2","922-4","41370",,"N"
"4137010100113","주공4","84.34","2000"," "," ","8925","22","2","2006",," 오산동","1","922-4","41370",,"N"
"4137010100113","주공4","84.34","2000"," "," ","9119","22","2","2006",," 오산동","2","922-4","41370",,"N"
"4137010100113","주공4","84.34","2000"," "," ","9701","22","2","2006",," 오산동","14","922-4","41370",,"N"
"4137010100113","주공4","84.34","2000"," "," ","9701","22","2","2006",," 오산동","15","922-4","41370",,"N"
"4137010100113","주공4","84.34","2000"," "," ","9701","23","2","2006",," 오산동","14","922-4","41370",,"N"
"4137010100113","주공4","84.34","2000"," "," ","8925","23","2","2006",," 오산동","1","922-4","41370",,"N"
"4137010100113","주공4","84.34","2000"," "," ","9119","23","2","2006",," 오산동","2","922-4","41370",,"N"
"4137010100113","주공4","84.34","2000"," "," ","9410","23","2","2006",," 오산동","4","922-4","41370",,"N"
"4137010100113","주공4","84.34","2000"," "," ","9701","24","2","2006",," 오산동","11","922-4","41370",,"N"
"4137010100113","주공4","84.34","2000"," "," ","9410","24","2","2006",," 오산동","4","922-4","41370",,"N"
"4137010100113","주공4","84.34","2000"," "," ","9701","24","2","2006",," 오산동","10","922-4","41370",,"N"
"4137010100113","주공4","84.34","2000"," "," ","9701","24","2","2006",," 오산동","15","922-4","41370",,"N"
"4137010100113","주공4","84.34","2000"," "," ","9119","24","2","2006",," 오산동","20","922-4","41370",,"N"
"4137010100113","주공4","84.34","2000"," "," ","9410","27","2","2006",," 오산동","3","922-4","41370",,"N"
"4137010100113","주공4","84.34","2000"," "," ","9701","27","2","2006",," 오산동","11","922-4","41370",,"N"
"4137010100113","주공4","84.34","2000"," "," ","9701","27","2","2006",," 오산동","7","922-4","41370",,"N"
"4137010100113","주공4","84.34","2000"," "," ","9701","27","2","2006",," 오산동","18","922-4","41370",,"N"
"4137010100113","주공4","84.34","2000"," "," ","8925","27","2","2006",," 오산동","1","922-4","41370",,"N"
"4137010100113","주공4","84.34","2000"," "," ","9701","27","2","2006",," 오산동","13","922-4","41370",,"N"
"4137010100113","주공4","84.34","2000"," "," ","9119","28","2","2006",," 오산동","2","922-4","41370",,"N"
"4137010100113","주공4","84.34","2000"," "," ","9410","28","2","2006",," 오산동","4","922-4","41370",,"N"
"4137010100113","주공4","84.34","2000"," "," ","9701","28","2","2006",," 오산동","12","922-4","41370",,"N"
"4137010100113","주공4","84.34","2000"," "," ","9701","28","2","2006",," 오산동","6","922-4","41370",,"N"
"4137010100113","주공4","84.34","2000"," "," ","9701","28","2","2006",," 오산동","12","922-4","41370",,"N"
"4137010100113","주공4","84.34","2000"," "," ","9119","28","2","2006",," 오산동","2","922-4","41370",,"N"
"4137010100113","주공4","84.34","2000"," "," ","9701","28","2","2006",," 오산동","10","922-4","41370",,"N"
"4137010100113","주공4","84.34","2000"," "," ","9701","28","2","2006",," 오산동","9","922-4","41370",,"N"
"4137010100113","주공4","84.34","2000"," "," ","9701","28","2","2006",," 오산동","12","922-4","41370",,"N"
"4137010100113","주공4","84.34","2000"," "," ","9119","28","2","2006",," 오산동","23","922-4","41370",,"N"
"4137010100113","주공4","84.34","2000"," "," ","9701","28","2","2006",," 오산동","21","922-4","41370",,"N"
"4137010100113","주공4","84.34","2000"," "," ","9701","28","2","2006",," 오산동","13","922-4","41370",,"N"
"4137010100113","주공4","84.34","2000"," "," ","9701","28","2","2006",," 오산동","12","922-4","41370",,"N"
"4137010100113","주공4","84.34","2000"," "," ","9701","28","2","2006",," 오산동","11","922-4","41370",,"N"
"4137010100113","주공4","84.34","2000"," "," ","9701","28","2","2006",," 오산동","15","922-4","41370",,"N"
"4137010100113","주공4","84.34","2000"," "," ","9701","28","2","2006",," 오산동","5","922-4","41370",,"N"
"4137010100113","주공4","84.34","2000"," "," ","9410","2","3","2006",," 오산동","4","922-4","41370",,"N"
"4137010100113","주공4","84.34","2000"," "," ","9119","2","3","2006",," 오산동","20","922-4","41370",,"N"
"4137010100113","주공4","84.34","2000"," "," ","9701","2","3","2006",," 오산동","9","922-4","41370",,"N"
"4137010100113","주공4","84.34","2000"," "," ","9701","2","3","2006",," 오산동","12","922-4","41370",,"N"
"4137010100113","주공4","84.34","2000"," "," ","9701","2","3","2006",," 오산동","20","922-4","41370",,"N"
"4137010100113","주공4","84.34","2000"," "," ","9701","2","3","2006",," 오산동","12","922-4","41370",,"N"
"4137010100113","주공4","84.34","2000"," "," ","8925","2","3","2006",," 오산동","1","922-4","41370",,"N"
"4137010100113","주공4","84.34","2000"," "," ","9119","2","3","2006",," 오산동","2","922-4","41370",,"N"
"4137010100113","주공4","84.34","2000"," "," ","9701","2","3","2006",," 오산동","5","922-4","41370",,"N"
"4137010100113","주공4","84.34","2000"," "," ","9701","2","3","2006",," 오산동","5","922-4","41370",,"N"
"4137010100113","주공4","84.34","2000"," "," ","9701","2","3","2006",," 오산동","10","922-4","41370",,"N"
"4137010100113","주공4","84.34","2000"," "," ","9701","2","3","2006",," 오산동","12","922-4","41370",,"N"
"4137010100113","주공4","84.34","2000"," "," ","9119","2","3","2006",," 오산동","2","922-4","41370",,"N"
"4137010100113","주공4","84.34","2000"," "," ","9410","2","3","2006",," 오산동","3","922-4","41370",,"N"
"4137010100113","주공4","84.34","2000"," "," ","8925","2","3","2006",," 오산동","1","922-4","41370",,"N"
"4137010100113","주공4","84.34","2000"," "," ","9119","2","3","2006",," 오산동","2","922-4","41370",,"N"
"4137010100113","주공4","84.34","2000"," "," ","9701","3","3","2006",," 오산동","14","922-4","41370",,"N"
"4137010100113","주공4","84.34","2000"," "," ","9701","6","3","2006",," 오산동","16","922-4","41370",,"N"
"4137010100113","주공4","84.34","2000"," "," ","9701","6","3","2006",," 오산동","6","922-4","41370",,"N"
"4137010100113","주공4","84.34","2000"," "," ","9701","6","3","2006",," 오산동","5","922-4","41370",,"N"
"4137010100113","주공4","84.34","2000"," "," ","16150","7","3","2006",," 오산동","20","922-4","41370",,"N"
"4137010100113","주공4","84.34","2000"," "," ","9410","7","3","2006",," 오산동","19","922-4","41370",,"N"
"4137010100113","주공4","84.34","2000"," "," ","9701","7","3","2006",," 오산동","13","922-4","41370",,"N"
"4137010100113","주공4","84.34","2000"," "," ","9701","7","3","2006",," 오산동","13","922-4","41370",,"N"
"4137010100113","주공4","84.34","2000"," "," ","9701","7","3","2006",," 오산동","7","922-4","41370",,"N"
"4137010100113","주공4","84.34","2000"," "," ","9701","7","3","2006",," 오산동","16","922-4","41370",,"N"
"4137010100113","주공4","84.34","2000"," "," ","9701","7","3","2006",," 오산동","9","922-4","41370",,"N"
"4137010100113","주공4","84.34","2000"," "," ","9410","7","3","2006",," 오산동","22","922-4","41370",,"N"
"4137010100113","주공4","84.34","2000"," "," ","9701","7","3","2006",," 오산동","21","922-4","41370",,"N"
"4137010100113","주공4","84.34","2000"," "," ","9701","7","3","2006",," 오산동","18","922-4","41370",,"N"
"4137010100113","주공4","84.34","2000"," "," ","9701","8","3","2006",," 오산동","9","922-4","41370",,"N"
"4137010100113","주공4","84.34","2000"," "," ","9701","8","3","2006",," 오산동","11","922-4","41370",,"N"
"4137010100113","주공4","84.34","2000"," "," ","9701","8","3","2006",," 오산동","5","922-4","41370",,"N"
"4137010100113","주공4","84.34","2000"," "," ","9701","8","3","2006",," 오산동","5","922-4","41370",,"N"
"4137010100113","주공4","84.34","2000"," "," ","9410","8","3","2006",," 오산동","3","922-4","41370",,"N"
"4137010100113","주공4","84.34","2000"," "," ","8925","8","3","2006",," 오산동","1","922-4","41370",,"N"
"4137010100113","주공4","84.34","2000"," "," ","9701","8","3","2006",," 오산동","19","922-4","41370",,"N"
"4137010100113","주공4","84.34","2000"," "," ","9410","8","3","2006",," 오산동","4","922-4","41370",,"N"
"4137010100113","주공4","84.34","2000"," "," ","9701","8","3","2006",," 오산동","17","922-4","41370",,"N"
"4137010100113","주공4","84.34","2000"," "," ","9701","10","3","2006",," 오산동","12","922-4","41370",,"N"
"4137010100113","주공4","84.34","2000"," "," ","9701","10","3","2006",," 오산동","9","922-4","41370",,"N"
"4137010100113","주공4","84.34","2000"," "," ","9701","10","3","2006",," 오산동","11","922-4","41370",,"N"
"4137010100113","주공4","84.34","2000"," "," ","9701","13","3","2006",," 오산동","8","922-4","41370",,"N"
"4137010100113","주공4","84.34","2000"," "," ","9410","13","3","2006",," 오산동","4","922-4","41370",,"N"
"4137010100113","주공4","84.34","2000"," "," ","9701","15","3","2006",," 오산동","5","922-4","41370",,"N"
"4137010100113","주공4","84.34","2000"," "," ","9410","17","3","2006",," 오산동","22","922-4","41370",,"N"
"4137010100113","주공4","84.34","2000"," "," ","9701","17","3","2006",," 오산동","7","922-4","41370",,"N"
"4137010100113","주공4","84.34","2000"," "," ","9701","17","3","2006",," 오산동","10","922-4","41370",,"N"
"4137010100113","주공4","84.34","2000"," "," ","9701","20","3","2006",," 오산동","7","922-4","41370",,"N"
"4137010100113","주공4","84.34","2000"," "," ","9701","20","3","2006",," 오산동","10","922-4","41370",,"N"
"4137010100113","주공4","84.34","2000"," "," ","9701","22","3","2006",," 오산동","6","922-4","41370",,"N"
"4137010100113","주공4","84.34","2000"," "," ","9701","22","3","2006",," 오산동","8","922-4","41370",,"N"
"4137010100113","주공4","84.34","2000"," "," ","9119","23","3","2006",," 오산동","18","922-4","41370",,"N"
"4137010100113","주공4","84.34","2000"," "," ","9119","23","3","2006",," 오산동","2","922-4","41370",,"N"
"4137010100113","주공4","84.34","2000"," "," ","9119","24","3","2006",," 오산동","2","922-4","41370",,"N"
"4137010100113","주공4","84.34","2000"," "," ","9701","30","3","2006",," 오산동","15","922-4","41370",,"N"
"4137010100113","주공4","84.34","2000"," "," ","15900","1","4","2006",," 오산동","2","922-4","41370",,"N"
"4137010100113","주공4","84.34","2000"," "," ","9701","3","4","2006",," 오산동","14","922-4","41370",,"N"
"4137010100113","주공4","84.34","2000"," "," ","9701","5","4","2006",," 오산동","14","922-4","41370",,"N"
"4137010100113","주공4","84.34","2000"," "," ","9701","6","4","2006",," 오산동","11","922-4","41370",,"N"
"4137010100113","주공4","84.34","2000"," "," ","15150","13","4","2006",," 오산동","1","922-4","41370",,"N"
"4137010100113","주공4","84.34","2000"," "," ","9410","14","4","2006",," 오산동","3","922-4","41370",,"N"
"4137010100113","주공4","84.34","2000"," "," ","9701","18","4","2006",," 오산동","9","922-4","41370",,"N"
"4137010100113","주공4","84.34","2000"," "," ","9701","18","4","2006",," 오산동","5","922-4","41370",,"N"
"4137010100113","주공4","84.34","2000"," "," ","9119","18","4","2006",," 오산동","2","922-4","41370",,"N"
"4137010100113","주공4","84.34","2000"," "," ","9701","19","4","2006",," 오산동","15","922-4","41370",,"N"
"4137010100113","주공4","84.34","2000"," "," ","9701","21","4","2006",," 오산동","5","922-4","41370",,"N"
"4137010100113","주공4","84.34","2000"," "," ","9701","25","4","2006",," 오산동","6","922-4","41370",,"N"
"4137010100113","주공4","84.34","2000"," "," ","15000","2","5","2006",," 오산동","9","922-4","41370",,"N"
"4137010100113","주공4","84.34","2000"," "," ","9119","3","5","2006",," 오산동","2","922-4","41370",,"N"
"4137010100113","주공4","84.34","2000"," "," ","9701","3","5","2006",," 오산동","9","922-4","41370",,"N"
"4137010100113","주공4","84.34","2000"," "," ","9701","10","5","2006",," 오산동","12","922-4","41370",,"N"
"4137010100113","주공4","84.34","2000"," "," ","9119","10","5","2006",," 오산동","2","922-4","41370",,"N"
"4137010100113","주공4","84.34","2000"," "," ","17500","13","5","2006",," 오산동","17","922-4","41370",,"N"
"4137010100113","주공4","84.34","2000"," "," ","9701","22","5","2006",," 오산동","7","922-4","41370",,"N"
"4137010100113","주공4","84.34","2000"," "," ","9701","23","5","2006",," 오산동","21","922-4","41370",,"N"
"4137010100113","주공4","84.34","2000"," "," ","17500","29","5","2006",," 오산동","16","922-4","41370",,"N"
"4137010100113","주공4","84.34","2000"," "," ","16700","24","6","2006",," 오산동","8","922-4","41370",,"N"
"4137010100113","주공4","84.34","2000"," "," ","11500","26","6","2006",," 오산동","2","922-4","41370",,"N"
"4137010100113","주공4","84.34","2000"," "," ","16000","5","7","2006",," 오산동","7","922-4","41370",,"N"
"4137010100113","주공4","84.34","2000"," "," ","17350","5","7","2006",," 오산동","14","922-4","41370",,"N"
"4137010100113","주공4","84.34","2000"," "," ","9119","14","7","2006",," 오산동","18","922-4","41370",,"N"
"4137010100113","주공4","84.34","2000"," "," ","17300","27","7","2006",," 오산동","6","922-4","41370",,"N"
"4137010100113","주공4","84.34","2000"," "," ","17470","1","9","2006",," 오산동","11","922-4","41370",,"N"
"4137010100113","주공4","84.34","2000"," "," ","15900","4","9","2006",," 오산동","3","922-4","41370",,"N"
"4137010100113","주공4","84.34","2000"," "," ","17900","9","9","2006",," 오산동","9","922-4","41370",,"N"
"4137010100113","주공4","84.34","2000"," "," ","18000","28","9","2006",," 오산동","13","922-4","41370",,"N"
"4137010100113","주공4","84.34","2000"," "," ","18000","29","9","2006",," 오산동","6","922-4","41370",,"N"
"4137010100113","주공4","84.34","2000"," "," ","17000","29","9","2006",," 오산동","21","922-4","41370",,"N"
"4137010100113","주공4","84.34","2000"," "," ","12000","10","10","2006",," 오산동","2","922-4","41370",,"N"
"4137010100113","주공4","84.34","2000"," "," ","16500","21","10","2006",," 오산동","2","922-4","41370",,"N"
"4137010100113","주공4","84.34","2000"," "," ","17000","23","10","2006",," 오산동","17","922-4","41370",,"N"
"4137010100113","주공4","84.34","2000"," "," ","19900","27","10","2006",," 오산동","16","922-4","41370",,"N"
"4137010100113","주공4","84.34","2000"," "," ","20000","28","10","2006",," 오산동","17","922-4","41370",,"N"
"4137010100113","주공4","84.34","2000"," "," ","19200","2","11","2006",," 오산동","17","922-4","41370",,"N"
"4137010100113","주공4","84.34","2000"," "," ","20000","3","11","2006",," 오산동","22","922-4","41370",,"N"
"4137010100113","주공4","84.34","2000"," "," ","20000","4","11","2006",," 오산동","11","922-4","41370",,"N"
"4137010100113","주공4","84.34","2000"," "," ","21000","9","11","2006",," 오산동","6","922-4","41370",,"N"
"4137010100113","주공4","84.34","2000"," "," ","24000","21","11","2006",," 오산동","12","922-4","41370",,"N"
"4137010100113","주공4","84.34","2000"," "," ","17000","28","11","2006",," 오산동","2","922-4","41370",,"N"
"4137010100113","주공4","84.34","2000"," "," ","22000","8","12","2006",," 오산동","14","922-4","41370",,"N"
"4137010100113","주공4","84.34","2000"," "," ","25000","11","12","2006",," 오산동","6","922-4","41370",,"N"
"4137010100113","주공4","84.34","2000"," "," ","17000","26","1","2007",," 오산동","1","922-4","41370",,"N"
"4137010100113","주공4","84.34","2000"," "," ","22000","31","1","2007",," 오산동","9","922-4","41370",,"N"
"4137010100113","주공4","84.34","2000"," "," ","21800","9","2","2007",," 오산동","4","922-4","41370",,"N"
"4137010100113","주공4","84.34","2000"," "," ","23000","22","2","2007",," 오산동","8","922-4","41370",,"N"
"4137010100113","주공4","84.34","2000"," "," ","23000","6","4","2007",," 오산동","17","922-4","41370",,"N"
"4137010100113","주공4","84.34","2000"," "," ","18000","15","5","2007",," 오산동","16","922-4","41370",,"N"
"4137010100113","주공4","84.34","2000"," "," ","21000","12","6","2007",," 오산동","16","922-4","41370",,"N"
"4137010100113","주공4","84.34","2000"," "," ","23000","7","7","2007",," 오산동","14","922-4","41370",,"N"
"4137010100113","주공4","84.34","2000"," "," ","19800","26","7","2007",," 오산동","11","922-4","41370",,"N"
"4137010100113","주공4","84.34","2000"," "," ","22300","26","7","2007",," 오산동","9","922-4","41370",,"N"
"4137010100113","주공4","84.34","2000"," "," ","22500","1","8","2007",," 오산동","7","922-4","41370",,"N"
"4137010100113","주공4","84.34","2000"," "," ","23700","10","8","2007",," 오산동","17","922-4","41370",,"N"
"4137010100113","주공4","84.34","2000"," "," ","19400","14","8","2007",," 오산동","8","922-4","41370",,"N"
"4137010100113","주공4","84.34","2000"," "," ","22500","21","8","2007",," 오산동","16","922-4","41370",,"N"
"4137010100113","주공4","84.34","2000"," "," ","20700","22","8","2007",," 오산동","21","922-4","41370",,"N"
"4137010100113","주공4","84.34","2000"," "," ","21500","24","8","2007",," 오산동","7","922-4","41370",,"N"
"4137010100113","주공4","84.34","2000"," "," ","21600","14","9","2007",," 오산동","14","922-4","41370",,"N"
"4137010100113","주공4","84.34","2000"," "," ","23000","18","9","2007",," 오산동","14","922-4","41370",,"N"
"4137010100113","주공4","84.34","2000"," "," ","22100","1","10","2007",," 오산동","10","922-4","41370",,"N"
"4137010100113","주공4","84.34","2000"," "," ","23000","2","10","2007",," 오산동","7","922-4","41370",,"N"
"4137010100113","주공4","84.34","2000"," "," ","22800","16","10","2007",," 오산동","8","922-4","41370",,"N"
"4137010100113","주공4","84.34","2000"," "," ","24000","20","11","2007",," 오산동","6","922-4","41370",,"N"
"4137010100113","주공4","84.34","2000"," "," ","18000","27","12","2007",," 오산동","1","922-4","41370",,"N"
"4137010100113","주공4","84.34","2000"," "," ","24000","17","1","2008",," 오산동","16","922-4","41370",,"N"
"4137010100113","주공4","84.34","2000"," "," ","22500","10","3","2008",," 오산동","14","922-4","41370",,"N"
"4137010100113","주공4","84.34","2000"," "," ","19000","21","3","2008",," 오산동","11","922-4","41370",,"N"
"4137010100113","주공4","84.34","2000"," "," ","19900","24","3","2008",," 오산동","12","922-4","41370",,"N"
"4137010100113","주공4","84.34","2000"," "," ","22500","15","4","2008",," 오산동","8","922-4","41370",,"N"
"4137010100113","주공4","84.34","2000"," "," ","22400","21","4","2008",," 오산동","12","922-4","41370",,"N"
"4137010100113","주공4","84.34","2000"," "," ","22000","22","4","2008",," 오산동","15","922-4","41370",,"N"
"4137010100113","주공4","84.34","2000"," "," ","22150","9","5","2008",," 오산동","9","922-4","41370",,"N"
"4137010100113","주공4","84.34","2000"," "," ","22000","14","5","2008",," 오산동","5","922-4","41370",,"N"
"4137010100113","주공4","84.34","2000"," "," ","20300","16","5","2008",," 오산동","16","922-4","41370",,"N"
"4137010100113","주공4","84.34","2000"," "," ","21900","12","6","2008",," 오산동","10","922-4","41370",,"N"
"4137010100113","주공4","84.34","2000"," "," ","20500","19","6","2008",," 오산동","7","922-4","41370",,"N"
"4137010100113","주공4","84.34","2000"," "," ","21900","5","7","2008",," 오산동","14","922-4","41370",,"N"
"4137010100113","주공4","84.34","2000"," "," ","22000","10","7","2008",," 오산동","9","922-4","41370",,"N"
"4137010100113","주공4","84.34","2000"," "," ","22900","26","7","2008",," 오산동","12","922-4","41370",,"N"
"4137010100113","주공4","84.34","2000"," "," ","20500","2","8","2008",," 오산동","17","922-4","41370",,"N"
"4137010100113","주공4","84.34","2000"," "," ","17000","20","8","2008",," 오산동","1","922-4","41370",,"N"
"4137010100113","주공4","84.34","2000"," "," ","22800","29","8","2008",," 오산동","9","922-4","41370",,"N"
"4137010100113","주공4","84.34","2000"," "," ","18500","5","9","2008",," 오산동","2","922-4","41370",,"N"
"4137010100113","주공4","84.34","2000"," "," ","22200","30","9","2008",," 오산동","15","922-4","41370",,"N"
"4137010100113","주공4","84.34","2000"," "," ","19000","8","10","2008",," 오산동","1","922-4","41370",,"N"
"4137010100113","주공4","84.34","2000"," "," ","21500","22","10","2008",," 오산동","7","922-4","41370",,"N"
"4137010100113","주공4","84.34","2000"," "," ","19000","29","10","2008",," 오산동","7","922-4","41370",,"N"
"4137010100113","주공4","84.34","2000"," "," ","21000","5","11","2008",," 오산동","7","922-4","41370",,"N"
"4137010100113","주공4","84.34","2000"," "," ","20500","26","11","2008",," 오산동","10","922-4","41370",,"N"
"4137010100113","주공4","84.34","2000"," "," ","15000","20","1","2009",," 오산동","2","922-4","41370",,"N"
"4137010100113","주공4","84.34","2000"," "," ","19800","23","1","2009",," 오산동","10","922-4","41370",,"N"
"4137010100113","주공4","84.34","2000"," "," ","15500","11","2","2009",," 오산동","1","922-4","41370",,"N"
"4137010100113","주공4","84.34","2000"," "," ","20000","21","2","2009",," 오산동","15","922-4","41370",,"N"
"4137010100113","주공4","84.34","2000"," "," ","20400","2","3","2009",," 오산동","9","922-4","41370",,"N"
"4137010100113","주공4","84.34","2000"," "," ","20000","4","3","2009",," 오산동","12","922-4","41370",,"N"
"4137010100113","주공4","84.34","2000"," "," ","20300","7","3","2009",," 오산동","13","922-4","41370",,"N"
"4137010100113","주공4","84.34","2000"," "," ","20500","14","3","2009",," 오산동","16","922-4","41370",,"N"
"4137010100113","주공4","84.34","2000"," "," ","17400","17","3","2009",," 오산동","1","922-4","41370",,"N"
"4137010100113","주공4","84.34","2000"," "," ","20500","18","3","2009",," 오산동","8","922-4","41370",,"N"
"4137010100113","주공4","84.34","2000"," "," ","20900","21","3","2009",," 오산동","19","922-4","41370",,"N"
"4137010100113","주공4","84.34","2000"," "," ","18600","24","3","2009",," 오산동","13","922-4","41370",,"N"
"4137010100113","주공4","84.34","2000"," "," ","18000","1","4","2009",," 오산동","4","922-4","41370",,"N"
"4137010100113","주공4","84.34","2000"," "," ","19000","6","4","2009",," 오산동","4","922-4","41370",,"N"
"4137010100113","주공4","84.34","2000"," "," ","20300","13","4","2009",," 오산동","9","922-4","41370",,"N"
"4137010100113","주공4","84.34","2000"," "," ","21500","15","4","2009",," 오산동","13","922-4","41370",,"N"
"4137010100113","주공4","84.34","2000"," "," ","19800","16","4","2009",," 오산동","14","922-4","41370",,"N"
"4137010100113","주공4","84.34","2000"," "," ","21500","17","4","2009",," 오산동","18","922-4","41370",,"N"
"4137010100113","주공4","84.34","2000"," "," ","15000","17","4","2009",," 오산동","7","922-4","41370",,"N"
"4137010100113","주공4","84.34","2000"," "," ","20200","18","4","2009",," 오산동","4","922-4","41370",,"N"
"4137010100113","주공4","84.34","2000"," "," ","21000","20","4","2009",," 오산동","19","922-4","41370",,"N"
"4137010100113","주공4","84.34","2000"," "," ","19250","22","4","2009",," 오산동","4","922-4","41370",,"N"
"4137010100113","주공4","84.34","2000"," "," ","20000","24","4","2009",," 오산동","10","922-4","41370",,"N"
"4137010100113","주공4","84.34","2000"," "," ","18200","28","4","2009",," 오산동","1","922-4","41370",,"N"
"4137010100113","주공4","84.34","2000"," "," ","20200","1","5","2009",," 오산동","5","922-4","41370",,"N"
"4137010100113","주공4","84.34","2000"," "," ","20800","6","5","2009",," 오산동","11","922-4","41370",,"N"
"4137010100113","주공4","84.34","2000"," "," ","19900","16","5","2009",," 오산동","20","922-4","41370",,"N"
"4137010100113","주공4","84.34","2000"," "," ","20750","20","5","2009",," 오산동","14","922-4","41370",,"N"
"4137010100113","주공4","84.34","2000"," "," ","19200","20","6","2009",," 오산동","6","922-4","41370",,"N"
"4137010100113","주공4","84.34","2000"," "," ","20800","20","6","2009",," 오산동","15","922-4","41370",,"N"
"4137010100113","주공4","84.34","2000"," "," ","21100","22","6","2009",," 오산동","14","922-4","41370",,"N"
"4137010100113","주공4","84.34","2000"," "," ","21300","22","6","2009",," 오산동","11","922-4","41370",,"N"
"4137010100113","주공4","84.34","2000"," "," ","19000","23","6","2009",," 오산동","3","922-4","41370",,"N"
"4137010100113","주공4","84.34","2000"," "," ","20000","24","6","2009",," 오산동","3","922-4","41370",,"N"
"4137010100113","주공4","84.34","2000"," "," ","20850","25","6","2009",," 오산동","4","922-4","41370",,"N"
"4137010100113","주공4","84.34","2000"," "," ","19700","2","7","2009",," 오산동","14","922-4","41370",,"N"
"4137010100113","주공4","84.34","2000"," "," ","22200","7","7","2009",," 오산동","15","922-4","41370",,"N"
"4137010100113","주공4","84.34","2000"," "," ","21300","16","7","2009",," 오산동","14","922-4","41370",,"N"
"4137010100113","주공4","84.34","2000"," "," ","20000","17","7","2009",," 오산동","19","922-4","41370",,"N"
"4137010100113","주공4","84.34","2000"," "," ","24000","20","7","2009",," 오산동","8","922-4","41370",,"N"
"4137010100113","주공4","84.34","2000"," "," ","21950","4","8","2009",," 오산동","18","922-4","41370",,"N"
"4137010100113","주공4","84.34","2000"," "," ","19900","5","8","2009",," 오산동","10","922-4","41370",,"N"
"4137010100113","주공4","84.34","2000"," "," ","21500","8","8","2009",," 오산동","4","922-4","41370",,"N"
"4137010100113","주공4","84.34","2000"," "," ","21500","17","8","2009",," 오산동","3","922-4","41370",,"N"
"4137010100113","주공4","84.34","2000"," "," ","22500","20","8","2009",," 오산동","8","922-4","41370",,"N"
"4137010100113","주공4","84.34","2000"," "," ","20400","28","8","2009",," 오산동","3","922-4","41370",,"N"
"4137010100113","주공4","84.34","2000"," "," ","22000","31","8","2009",," 오산동","4","922-4","41370",,"N"
"4137010100113","주공4","84.34","2000"," "," ","22600","1","9","2009",," 오산동","7","922-4","41370",,"N"
"4137010100113","주공4","84.34","2000"," "," ","19200","7","9","2009",," 오산동","2","922-4","41370",,"N"
"4137010100113","주공4","84.34","2000"," "," ","20000","14","9","2009",," 오산동","16","922-4","41370",,"N"
"4137010100113","주공4","84.34","2000"," "," ","22000","16","9","2009",," 오산동","11","922-4","41370",,"N"
"4137010100113","주공4","84.34","2000"," "," ","21600","23","9","2009",," 오산동","4","922-4","41370",,"N"
"4137010100113","주공4","84.34","2000"," "," ","20000","5","10","2009",," 오산동","4","922-4","41370",,"N"
"4137010100113","주공4","84.34","2000"," "," ","20000","6","10","2009",," 오산동","3","922-4","41370",,"N"
"4137010100113","주공4","84.34","2000"," "," ","22000","8","10","2009",," 오산동","9","922-4","41370",,"N"
"4137010100113","주공4","84.34","2000"," "," ","20000","24","11","2009",," 오산동","9","922-4","41370",,"N"
"4137010100113","주공4","84.34","2000"," "," ","21100","5","12","2009",," 오산동","17","922-4","41370",,"N"
"4137010100113","주공4","84.34","2000"," "," ","18500","9","12","2009",," 오산동","3","922-4","41370",,"N"
"4137010100113","주공4","84.34","2000"," "," ","20000","9","12","2009",," 오산동","12","922-4","41370",,"N"
"4137010100113","주공4","84.34","2000"," "," ","19000","12","1","2010",," 오산동","18","922-4","41370",,"N"
"4137010100113","주공4","84.34","2000"," "," ","18100","12","1","2010",," 오산동","17","922-4","41370",,"N"
"4137010100113","주공4","84.34","2000"," "," ","16800","14","1","2010",," 오산동","1","922-4","41370",,"N"
"4137010100113","주공4","84.34","2000"," "," ","21000","21","1","2010",," 오산동","20","922-4","41370",,"N"
"4137010100113","주공4","84.34","2000"," "," ","21700","19","2","2010",," 오산동","4","922-4","41370",,"N"
"4137010100113","주공4","84.34","2000"," "," ","22250","20","2","2010",," 오산동","17","922-4","41370",,"N"
"4137010100113","주공4","84.34","2000"," "," ","23400","22","2","2010",," 오산동","14","922-4","41370",,"N"
"4137010100113","주공4","84.34","2000"," "," ","22000","1","3","2010",," 오산동","12","922-4","41370",,"N"
"4137010100113","주공4","84.34","2000"," "," ","18000","3","3","2010",," 오산동","10","922-4","41370",,"N"
"4137010100113","주공4","84.34","2000"," "," ","21600","10","3","2010",," 오산동","4","922-4","41370",,"N"
"4137010100113","주공4","84.34","2000"," "," ","23300","11","3","2010",," 오산동","9","922-4","41370",,"N"
"4137010100113","주공4","84.34","2000"," "," ","23000","13","3","2010",," 오산동","13","922-4","41370",,"N"
"4137010100113","주공4","84.34","2000"," "," ","21500","17","3","2010",," 오산동","6","922-4","41370",,"N"
"4137010100113","주공4","84.34","2000"," "," ","22700","22","3","2010",," 오산동","10","922-4","41370",,"N"
"4137010100113","주공4","84.34","2000"," "," ","19500","24","3","2010",," 오산동","17","922-4","41370",,"N"
"4137010100113","주공4","84.34","2000"," "," ","23000","9","4","2010",," 오산동","8","922-4","41370",,"N"
"4137010100113","주공4","84.34","2000"," "," ","19500","23","4","2010",," 오산동","2","922-4","41370",,"N"
"4137010100113","주공4","84.34","2000"," "," ","17000","14","5","2010",," 오산동","1","922-4","41370",,"N"
"4137010100113","주공4","84.34","2000"," "," ","20300","16","6","2010",," 오산동","4","922-4","41370",,"N"
"4137010100113","주공4","84.34","2000"," "," ","20000","10","8","2010",," 오산동","11","922-4","41370",,"N"
"4137010100113","주공4","84.34","2000"," "," ","21500","9","9","2010",," 오산동","15","922-4","41370",,"N"
"4137010100113","주공4","84.34","2000"," "," ","19300","9","9","2010",," 오산동","2","922-4","41370",,"N"
"4137010100113","주공4","84.34","2000"," "," ","21300","24","9","2010",," 오산동","12","922-4","41370",,"N"
"4137010100113","주공4","84.34","2000"," "," ","19850","5","10","2010",," 오산동","4","922-4","41370",,"N"
"4137010100113","주공4","84.34","2000"," "," ","21800","8","10","2010",," 오산동","11","922-4","41370",,"N"
"4137010100113","주공4","84.34","2000"," "," ","19800","12","10","2010",," 오산동","16","922-4","41370",,"N"
"4137010100113","주공4","84.34","2000"," "," ","19500","14","10","2010",," 오산동","3","922-4","41370",,"N"
"4137010100113","주공4","84.34","2000"," "," ","21800","1","11","2010",," 오산동","10","922-4","41370",,"N"
"4137010100113","주공4","84.34","2000"," "," ","21750","13","11","2010",," 오산동","10","922-4","41370",,"N"
"4137010100113","주공4","84.34","2000"," "," ","18000","27","11","2010",," 오산동","18","922-4","41370",,"N"
"4137010100113","주공4","84.34","2000"," "," ","22350","18","12","2010",," 오산동","11","922-4","41370",,"N"
"4137010100113","주공4","84.34","2000"," "," ","19700","31","12","2010",," 오산동","3","922-4","41370",,"N"
"4137010100113","주공4","84.34","2000",,,,"4","1","2011","13500"," 오산동","18","922-4","41370","0","Y"
"4137010100113","주공4","84.34","2000"," "," ","20650","5","1","2011",," 오산동","17","922-4","41370",,"N"
"4137010100113","주공4","84.34","2000"," "," ","22000","11","1","2011",," 오산동","14","922-4","41370",,"N"
"4137010100113","주공4","84.34","2000"," "," ","21500","12","1","2011",," 오산동","11","922-4","41370",,"N"
"4137010100113","주공4","84.34","2000"," "," ","21800","15","1","2011",," 오산동","16","922-4","41370",,"N"
"4137010100113","주공4","84.34","2000"," "," ","22000","17","1","2011",," 오산동","16","922-4","41370",,"N"
"4137010100113","주공4","84.34","2000"," "," ","20800","26","1","2011",," 오산동","5","922-4","41370",,"N"
"4137010100113","주공4","84.34","2000"," "," ","23400","26","1","2011",," 오산동","12","922-4","41370",,"N"
"4137010100113","주공4","84.34","2000"," "," ","21000","29","1","2011",," 오산동","4","922-4","41370",,"N"
"4137010100113","주공4","84.34","2000"," "," ","19500","31","1","2011",," 오산동","2","922-4","41370",,"N"
"4137010100113","주공4","84.34","2000"," "," ","21300","10","2","2011",," 오산동","4","922-4","41370",,"N"
"4137010100113","주공4","84.34","2000"," "," ","24000","12","2","2011",," 오산동","20","922-4","41370",,"N"
"4137010100113","주공4","84.34","2000",,,,"18","2","2011","12000"," 오산동","8","922-4","41370","0","Y"
"4137010100113","주공4","84.34","2000"," "," ","21200","21","2","2011",," 오산동","2","922-4","41370",,"N"
"4137010100113","주공4","84.34","2000"," "," ","21250","26","2","2011",," 오산동","2","922-4","41370",,"N"
"4137010100113","주공4","84.34","2000",,,,"5","3","2011","13500"," 오산동","19","922-4","41370","0","Y"
"4137010100113","주공4","84.34","2000"," "," ","22000","9","3","2011",," 오산동","8","922-4","41370",,"N"
"4137010100113","주공4","84.34","2000",,,,"11","3","2011","13000"," 오산동","11","922-4","41370","0","Y"
"4137010100113","주공4","84.34","2000"," "," ","22500","19","3","2011",," 오산동","5","922-4","41370",,"N"
"4137010100113","주공4","84.34","2000"," "," ","23000","19","3","2011",," 오산동","6","922-4","41370",,"N"
"4137010100113","주공4","84.34","2000"," "," ","21500","19","3","2011",," 오산동","3","922-4","41370",,"N"
"4137010100113","주공4","84.34","2000"," "," ","21000","21","3","2011",," 오산동","9","922-4","41370",,"N"
"4137010100113","주공4","84.34","2000"," "," ","18800","1","4","2011",," 오산동","1","922-4","41370",,"N"
"4137010100113","주공4","84.34","2000",,,,"4","5","2011","12000"," 오산동","7","922-4","41370","0","Y"
"4137010100113","주공4","84.34","2000"," "," ","21000","4","5","2011",," 오산동","12","922-4","41370",,"N"
"4137010100113","주공4","84.34","2000"," "," ","23950","6","5","2011",," 오산동","14","922-4","41370",,"N"
"4137010100113","주공4","84.34","2000"," "," ","24100","16","5","2011",," 오산동","16","922-4","41370",,"N"
"4137010100113","주공4","84.34","2000"," "," ","18900","30","5","2011",," 오산동","1","922-4","41370",,"N"
"4137010100113","주공4","84.34","2000",,,,"30","5","2011","14000"," 오산동","16","922-4","41370","0","Y"
"4137010100113","주공4","84.34","2000"," "," ","24000","15","6","2011",," 오산동","1","922-4","41370",,"N"
"4137010100113","주공4","84.34","2000"," "," ","24100","30","6","2011",," 오산동","3","922-4","41370",,"N"
"4137010100113","주공4","84.34","2000",,,,"2","7","2011","15700"," 오산동","6","922-4","41370","0","Y"
"4137010100113","주공4","84.34","2000"," "," ","18900","11","7","2011",," 오산동","1","922-4","41370",,"N"
"4137010100113","주공4","84.34","2000"," "," ","23800","12","7","2011",," 오산동","15","922-4","41370",,"N"
"4137010100113","주공4","84.34","2000"," "," ","22100","16","7","2011",," 오산동","5","922-4","41370",,"N"
"4137010100113","주공4","84.34","2000"," "," ","19000","19","7","2011",," 오산동","1","922-4","41370",,"N"
"4137010100113","주공4","84.34","2000"," "," ","21000","20","7","2011",," 오산동","2","922-4","41370",,"N"
"4137010100113","주공4","84.34","2000"," "," ","22200","20","7","2011",," 오산동","17","922-4","41370",,"N"
"4137010100113","주공4","84.34","2000"," "," ","24200","21","7","2011",," 오산동","9","922-4","41370",,"N"
"4137010100113","주공4","84.34","2000"," "," ","23000","25","7","2011",," 오산동","20","922-4","41370",,"N"
"4137010100113","주공4","84.34","2000"," "," ","20000","27","7","2011",," 오산동","13","922-4","41370",,"N"
"4137010100113","주공4","84.34","2000",,,,"10","8","2011","16000"," 오산동","13","922-4","41370","0","Y"
"4137010100113","주공4","84.34","2000"," "," ","24100","11","8","2011",," 오산동","12","922-4","41370",,"N"
"4137010100113","주공4","84.34","2000"," "," ","24100","25","8","2011",," 오산동","16","922-4","41370",,"N"
"4137010100113","주공4","84.34","2000"," "," ","24250","3","9","2011",," 오산동","13","922-4","41370",,"N"
"4137010100113","주공4","84.34","2000",,,,"6","9","2011","16000"," 오산동","17","922-4","41370","0","Y"
"4137010100113","주공4","84.34","2000"," "," ","24450","7","9","2011",," 오산동","14","922-4","41370",,"N"
"4137010100113","주공4","84.34","2000",,,,"16","9","2011","16000"," 오산동","14","922-4","41370","0","Y"
"4137010100113","주공4","84.34","2000"," "," ","24000","17","9","2011",," 오산동","8","922-4","41370",,"N"
"4137010100113","주공4","84.34","2000"," "," ","22200","28","9","2011",," 오산동","3","922-4","41370",,"N"
"4137010100113","주공4","84.34","2000",,,,"1","10","2011","17000"," 오산동","10","922-4","41370","0","Y"
"4137010100113","주공4","84.34","2000"," "," ","24430","15","10","2011",," 오산동","15","922-4","41370",,"N"
"4137010100113","주공4","84.34","2000"," "," ","23300","17","10","2011",," 오산동","10","922-4","41370",,"N"
"4137010100113","주공4","84.34","2000",,,,"20","10","2011","17000"," 오산동","16","922-4","41370","0","Y"
"4137010100113","주공4","84.34","2000"," "," ","22300","22","10","2011",," 오산동","15","922-4","41370",,"N"
"4137010100113","주공4","84.34","2000"," "," ","22700","27","10","2011",," 오산동","18","922-4","41370",,"N"
"4137010100113","주공4","84.34","2000",,,,"1","11","2011","5000"," 오산동","5","922-4","41370","35","Y"
"4137010100113","주공4","84.34","2000"," "," ","25000","4","11","2011",," 오산동","11","922-4","41370",,"N"
"4137010100113","주공4","84.34","2000",,,,"5","11","2011","13000"," 오산동","10","922-4","41370","0","Y"
"4137010100113","주공4","84.34","2000",,,,"9","11","2011","16000"," 오산동","7","922-4","41370","0","Y"
"4137010100113","주공4","84.34","2000"," "," ","21700","10","11","2011",," 오산동","13","922-4","41370",,"N"
"4137010100113","주공4","84.34","2000"," "," ","23500","15","11","2011",," 오산동","5","922-4","41370",,"N"
"4137010100113","주공4","84.34","2000"," "," ","24900","18","11","2011",," 오산동","15","922-4","41370",,"N"
"4137010100113","주공4","84.34","2000"," "," ","20000","16","12","2011",," 오산동","2","922-4","41370",,"N"
"4137010100113","주공4","84.34","2000",,,,"21","12","2011","14000"," 오산동","1","922-4","41370","0","Y"
"4137010100113","주공4","84.34","2000",,,,"22","12","2011","15000"," 오산동","13","922-4","41370","0","Y"
"4137010100113","주공4","84.34","2000"," "," ","23500","27","12","2011",," 오산동","3","922-4","41370",,"N"
"4137010100113","주공4","84.34","2000"," "," ","25000","28","12","2011",," 오산동","1","922-4","41370",,"N"
"4137010100113","주공4","84.34","2000"," "," ","24550","11","1","2012",," 오산동","19","922-4","41370",,"N"
"4137010100113","주공4","84.34","2000"," "," ","25000","28","1","2012",," 오산동","8","922-4","41370",,"N"
"4137010100113","주공4","84.34","2000"," "," ","23500","8","2","2012",," 오산동","5","922-4","41370",,"N"
"4137010100113","주공4","84.34","2000"," "," ","23800","28","2","2012",," 오산동","18","922-4","41370",,"N"
"4137010100113","주공4","84.34","2000"," "," ","22600","16","3","2012",," 오산동","2","922-4","41370",,"N"
"4137010100113","주공4","84.34","2000"," "," ","21800","28","3","2012",," 오산동","1","922-4","41370",,"N"
"4137010100113","주공4","84.34","2000"," "," ","23000","28","3","2012",," 오산동","19","922-4","41370",,"N"
"4137010100113","주공4","84.34","2000"," "," ","21400","17","4","2012",," 오산동","4","922-4","41370",,"N"
"4137010100113","주공4","84.34","2000",,,,"2","5","2012","17000"," 오산동","9","922-4","41370","0","Y"
"4137010100113","주공4","84.34","2000",,,,"22","5","2012","15000"," 오산동","9","922-4","41370","0","Y"
"4137010100113","주공4","84.34","2000",,,,"13","6","2012","15000"," 오산동","17","922-4","41370","0","Y"
"4137010100113","주공4","84.34","2000"," "," ","22000","29","6","2012",," 오산동","8","922-4","41370",,"N"
"4137010100113","주공4","84.34","2000"," "," ","21500","4","7","2012",," 오산동","3","922-4","41370",,"N"
"4137010100113","주공4","84.34","2000",,,,"5","7","2012","16000"," 오산동","8","922-4","41370","0","Y"
"4137010100113","주공4","84.34","2000"," "," ","24000","25","7","2012",," 오산동","8","922-4","41370",,"N"
"4137010100113","주공4","84.34","2000"," "," ","21300","27","7","2012",," 오산동","2","922-4","41370",,"N"
"4137010100113","주공4","84.34","2000",,,,"27","7","2012","16000"," 오산동","13","922-4","41370","0","Y"
"4137010100113","주공4","84.34","2000"," "," ","22000","13","8","2012",," 오산동","14","922-4","41370",,"N"
"4137010100113","주공4","84.34","2000",,,,"14","8","2012","11500"," 오산동","10","922-4","41370","0","Y"
"4137010100113","주공4","84.34","2000",,,,"30","8","2012","15500"," 오산동","9","922-4","41370","0","Y"
"4137010100113","주공4","84.34","2000"," "," ","21250","31","8","2012",," 오산동","2","922-4","41370",,"N"
"4137010100113","주공4","84.34","2000"," "," ","23000","10","10","2012",," 오산동","20","922-4","41370",,"N"
"4137010100113","주공4","84.34","2000",,,,"19","10","2012","10500"," 오산동","3","922-4","41370","0","Y"
"4137010100113","주공4","84.34","2000"," "," ","24700","19","10","2012",," 오산동","8","922-4","41370",,"N"
"4137010100113","주공4","84.34","2000"," "," ","20100","31","10","2012",," 오산동","2","922-4","41370",,"N"
"4137010100113","주공4","84.34","2000",,,,"25","11","2012","16000"," 오산동","10","922-4","41370","0","Y"
"4137010100113","주공4","84.34","2000",,,,"30","11","2012","16000"," 오산동","6","922-4","41370","0","Y"
"4137010100113","주공4","84.34","2000"," "," ","22900","4","1","2013",," 오산동","4","922-4","41370",,"N"
"4137010100113","주공4","84.34","2000",,,,"14","2","2013","16000"," 오산동","12","922-4","41370","0","Y"
"4137010100113","주공4","84.34","2000"," "," ","21800","15","2","2013",," 오산동","17","922-4","41370",,"N"
"4137010100113","주공4","84.34","2000"," "," ","23400","22","2","2013",," 오산동","10","922-4","41370",,"N"
"4137010100113","주공4","84.34","2000"," "," ","23300","25","2","2013",," 오산동","5","922-4","41370",,"N"
"4137010100113","주공4","84.34","2000"," "," ","22500","4","3","2013",," 오산동","6","922-4","41370",,"N"
"4137010100113","주공4","84.34","2000"," "," ","24200","6","3","2013",," 오산동","11","922-4","41370",,"N"
"4137010100113","주공4","84.34","2000",,,,"6","3","2013","17000"," 오산동","4","922-4","41370","0","Y"
"4137010100113","주공4","84.34","2000"," "," ","20800","7","3","2013",," 오산동","23","922-4","41370",,"N"
"4137010100113","주공4","84.34","2000",,,,"9","3","2013","14000"," 오산동","1","922-4","41370","0","Y"
"4137010100113","주공4","84.34","2000",,,,"11","3","2013","17000"," 오산동","11","922-4","41370","0","Y"
"4137010100113","주공4","84.34","2000",,,,"22","3","2013","14000"," 오산동","7","922-4","41370","0","Y"
"4137010100113","주공4","84.34","2000"," "," ","22000","13","4","2013",," 오산동","14","922-4","41370",,"N"
"4137010100113","주공4","84.34","2000",,,,"15","4","2013","15500"," 오산동","10","922-4","41370","0","Y"
"4137010100113","주공4","84.34","2000",,,,"16","4","2013","16000"," 오산동","9","922-4","41370","0","Y"
"4137010100113","주공4","84.34","2000",,,,"27","4","2013","17000"," 오산동","20","922-4","41370","0","Y"
"4137010100113","주공4","84.34","2000"," "," ","22700","16","5","2013",," 오산동","9","922-4","41370",,"N"
"4137010100113","주공4","84.34","2000",,,,"17","5","2013","10000"," 오산동","5","922-4","41370","27","Y"
"4137010100113","주공4","84.34","2000"," "," ","21500","21","5","2013",," 오산동","22","922-4","41370",,"N"
"4137010100113","주공4","84.34","2000",,,,"25","5","2013","1700"," 오산동","2","922-4","41370","85","Y"
"4137010100113","주공4","84.34","2000"," "," ","23900","27","5","2013",," 오산동","7","922-4","41370",,"N"
"4137010100113","주공4","84.34","2000",,,,"30","5","2013","16500"," 오산동","16","922-4","41370","0","Y"
"4137010100113","주공4","84.34","2000",,,,"15","6","2013","16500"," 오산동","20","922-4","41370","0","Y"
"4137010100113","주공4","84.34","2000",,,,"29","6","2013","16500"," 오산동","6","922-4","41370","0","Y"
"4137010100113","주공4","84.34","2000"," "," ","22450","13","7","2013",," 오산동","6","922-4","41370",,"N"
"4137010100113","주공4","84.34","2000"," "," ","23000","17","7","2013",," 오산동","7","922-4","41370",,"N"
"4137010100113","주공4","84.34","2000",,,,"17","7","2013","16000"," 오산동","3","922-4","41370","0","Y"
"4137010100113","주공4","84.34","2000",,,,"23","7","2013","17000"," 오산동","10","922-4","41370","0","Y"
"4137010100113","주공4","84.34","2000"," "," ","21850","12","8","2013",," 오산동","9","922-4","41370",,"N"
"4137010100113","주공4","84.34","2000"," "," ","22000","13","8","2013",," 오산동","18","922-4","41370",,"N"
"4137010100113","주공4","84.34","2000",,,,"16","8","2013","16500"," 오산동","16","922-4","41370","0","Y"
"4137010100113","주공4","84.34","2000"," "," ","22750","27","8","2013",," 오산동","5","922-4","41370",,"N"
"4137010100113","주공4","84.34","2000"," "," ","23200","3","9","2013",," 오산동","8","922-4","41370",,"N"
"4137010100113","주공4","84.34","2000"," "," ","23150","7","9","2013",," 오산동","3","922-4","41370",,"N"
"4137010100113","주공4","84.34","2000"," "," ","22200","14","9","2013",," 오산동","20","922-4","41370",,"N"
"4137010100113","주공4","84.34","2000",,,,"30","9","2013","18000"," 오산동","14","922-4","41370","0","Y"
"4137010100113","주공4","84.34","2000"," "," ","21000","10","11","2013",," 오산동","9","922-4","41370",,"N"
"4137010100113","주공4","84.34","2000",,,,"18","11","2013","16000"," 오산동","13","922-4","41370","0","Y"
"4137010100113","주공4","84.34","2000",,,,"21","11","2013","17000"," 오산동","12","922-4","41370","0","Y"
"4137010100113","주공4","84.34","2000"," "," ","23000","29","11","2013",," 오산동","14","922-4","41370",,"N"
"4137010100113","주공4","84.34","2000",,,,"30","11","2013","17000"," 오산동","22","922-4","41370","0","Y"
"4137010100113","주공4","84.34","2000"," "," ","23200","18","12","2013",," 오산동","4","922-4","41370",,"N"
"4137010100113","주공4","84.34","2000",,,,"8","1","2014","16000"," 오산동","9","922-4","41370","0","Y"
"4137010100113","주공4","84.34","2000",,,,"18","1","2014","18500"," 오산동","12","922-4","41370","0","Y"
"4137010100113","주공4","84.34","2000",,,,"22","1","2014","19000"," 오산동","10","922-4","41370","0","Y"
"4137010100113","주공4","84.34","2000"," "," ","19500","25","1","2014",," 오산동","1","922-4","41370",,"N"
"4137010100113","주공4","84.34","2000"," "," ","23000","4","2","2014",," 오산동","9","922-4","41370",,"N"
"4137010100113","주공4","84.34","2000"," "," ","22500","14","2","2014",," 오산동","13","922-4","41370",,"N"
"4137010100113","주공4","84.34","2000"," "," ","20600","18","2","2014",," 오산동","2","922-4","41370",,"N"
"4137010100113","주공4","84.34","2000"," "," ","24200","19","2","2014",," 오산동","6","922-4","41370",,"N"
"4137010100113","주공4","84.34","2000"," "," ","23000","22","2","2014",," 오산동","18","922-4","41370",,"N"
"4137010100113","주공4","84.34","2000",,,,"22","2","2014","17000"," 오산동","11","922-4","41370","0","Y"
"4137010100113","주공4","84.34","2000",,,,"22","2","2014","18000"," 오산동","5","922-4","41370","0","Y"
"4137010100113","주공4","84.34","2000"," "," ","19850","28","2","2014",," 오산동","1","922-4","41370",,"N"
"4137010100113","주공4","84.34","2000"," "," ","23300","1","3","2014",," 오산동","12","922-4","41370",,"N"
"4137010100113","주공4","84.34","2000",,,,"11","3","2014","19000"," 오산동","15","922-4","41370","0","Y"
"4137010100113","주공4","84.34","2000"," "," ","23700","13","3","2014",," 오산동","18","922-4","41370",,"N"
"4137010100113","주공4","84.34","2000"," "," ","24000","13","3","2014",," 오산동","5","922-4","41370",,"N"
"4137010100113","주공4","84.34","2000"," "," ","21100","14","3","2014",," 오산동","6","922-4","41370",,"N"
"4137010100113","주공4","84.34","2000"," "," ","23200","18","3","2014",," 오산동","9","922-4","41370",,"N"
"4137010100113","주공4","84.34","2000"," "," ","23000","22","3","2014",," 오산동","12","922-4","41370",,"N"
"4137010100113","주공4","84.34","2000"," "," ","22600","22","3","2014",," 오산동","6","922-4","41370",,"N"
"4137010100113","주공4","84.34","2000"," "," ","22000","4","4","2014",," 오산동","13","922-4","41370",,"N"
"4137010100113","주공4","84.34","2000"," "," ","22500","12","4","2014",," 오산동","3","922-4","41370",,"N"
"4137010100113","주공4","84.34","2000"," "," ","24700","17","4","2014",," 오산동","8","922-4","41370",,"N"
"4137010100113","주공4","84.34","2000",,,,"19","4","2014","18000"," 오산동","8","922-4","41370","0","Y"
"4137010100113","주공4","84.34","2000",,,,"30","4","2014","17000"," 오산동","15","922-4","41370","0","Y"
"4137010100113","주공4","84.34","2000"," "," ","20000","2","6","2014",," 오산동","3","922-4","41370",,"N"
"4137010100113","주공4","84.34","2000"," "," ","23550","16","6","2014",," 오산동","12","922-4","41370",,"N"
"4137010100113","주공4","84.34","2000",,,,"17","6","2014","19200"," 오산동","12","922-4","41370","0","Y"
"4137010100113","주공4","84.34","2000"," "," ","23600","17","6","2014",," 오산동","10","922-4","41370",,"N"
"4137010100113","주공4","84.34","2000"," "," ","22800","20","6","2014",," 오산동","8","922-4","41370",,"N"
"4137010100113","주공4","84.34","2000",,,,"24","6","2014","13500"," 오산동","17","922-4","41370","0","Y"
"4137010100113","주공4","84.34","2000",,,,"24","6","2014","19000"," 오산동","8","922-4","41370","0","Y"
"4137010100113","주공4","84.34","2000",,,,"25","6","2014","18000"," 오산동","9","922-4","41370","0","Y"
"4137010100113","주공4","84.34","2000",,,,"26","6","2014","15000"," 오산동","5","922-4","41370","0","Y"
"4137010100113","주공4","84.34","2000",,,,"1","7","2014","19000"," 오산동","12","922-4","41370","0","Y"
"4137010100113","주공4","84.34","2000"," "," ","25000","12","7","2014",," 오산동","16","922-4","41370",,"N"
"4137010100113","주공4","84.34","2000"," "," ","22400","19","7","2014",," 오산동","5","922-4","41370",,"N"
"4137010100113","주공4","84.34","2000"," "," ","22750","24","7","2014",," 오산동","5","922-4","41370",,"N"
"4137010100113","주공4","84.34","2000"," "," ","22400","6","8","2014",," 오산동","14","922-4","41370",,"N"
"4137010100113","주공4","84.34","2000"," "," ","22500","9","8","2014",," 오산동","9","922-4","41370",,"N"
"4137010100113","주공4","84.34","2000"," "," ","23800","13","8","2014",," 오산동","7","922-4","41370",,"N"
"4137010100113","주공4","84.34","2000",,,,"16","8","2014","18000"," 오산동","4","922-4","41370","0","Y"
"4137010100113","주공4","84.34","2000",,,,"20","8","2014","15000"," 오산동","12","922-4","41370","0","Y"
"4137010100113","주공4","84.34","2000",,,,"25","8","2014","16500"," 오산동","23","922-4","41370","0","Y"
"4137010100113","주공4","84.34","2000"," "," ","24000","20","9","2014",," 오산동","18","922-4","41370",,"N"
"4137010100113","주공4","84.34","2000"," "," ","22300","2","10","2014",," 오산동","2","922-4","41370",,"N"
"4137010100113","주공4","84.34","2000"," "," ","23300","4","10","2014",," 오산동","7","922-4","41370",,"N"
"4137010100113","주공4","84.34","2000",,,,"6","10","2014","20000"," 오산동","10","922-4","41370","0","Y"
"4137010100113","주공4","84.34","2000",,,,"8","10","2014","3000"," 오산동","10","922-4","41370","75","Y"
"4137010100113","주공4","84.34","2000"," "," ","22400","16","10","2014",," 오산동","2","922-4","41370",,"N"
"4137010100113","주공4","84.34","2000",,,,"17","10","2014","10500"," 오산동","3","922-4","41370","0","Y"
"4137010100113","주공4","84.34","2000",,,,"25","10","2014","20000"," 오산동","9","922-4","41370","0","Y"
"4137010100113","주공4","84.34","2000"," "," ","23000","30","10","2014",," 오산동","6","922-4","41370",,"N"
"4137010100113","주공4","84.34","2000"," "," ","23000","3","11","2014",," 오산동","9","922-4","41370",,"N"
"4137010100113","주공4","84.34","2000"," "," ","23000","6","11","2014",," 오산동","10","922-4","41370",,"N"
"4137010100113","주공4","84.34","2000",,,,"12","11","2014","21000"," 오산동","9","922-4","41370","0","Y"
"4137010100113","주공4","84.34","2000",,,,"18","11","2014","18500"," 오산동","21","922-4","41370","0","Y"
"4137010100113","주공4","84.34","2000"," "," ","23700","22","11","2014",," 오산동","13","922-4","41370",,"N"
"4137010100113","주공4","84.34","2000",,,,"24","11","2014","19000"," 오산동","12","922-4","41370","0","Y"
"4137010100113","주공4","84.34","2000",,,,"6","12","2014","20500"," 오산동","13","922-4","41370","0","Y"
"4137010100113","주공4","84.34","2000"," "," ","23800","18","12","2014",," 오산동","13","922-4","41370",,"N"
"4137010100113","주공4","84.34","2000"," "," ","23000","19","12","2014",," 오산동","10","922-4","41370",,"N"
"4137010100113","주공4","84.34","2000",,,,"20","12","2014","18700"," 오산동","6","922-4","41370","0","Y"
"4137010100113","주공4","84.34","2000",,,,"29","12","2014","19000"," 오산동","17","922-4","41370","0","Y"
"4137010100113","주공4","84.34","2000"," "," ","21000","31","12","2014",," 오산동","1","922-4","41370",,"N"
"4137010100113","주공4","84.34","2000",,,,"5","1","2015","19000"," 오산동","15","922-4","41370","0","Y"
"4137010100113","주공4","84.34","2000",,,,"8","1","2015","20500"," 오산동","13","922-4","41370","0","Y"
"4137010100113","주공4","84.34","2000",,,,"16","1","2015","20500"," 오산동","5","922-4","41370","0","Y"
"4137010100113","주공4","84.34","2000"," "," ","23400","16","1","2015",," 오산동","9","922-4","41370",,"N"
"4137010100113","주공4","84.34","2000",,,,"23","1","2015","17300"," 오산동","6","922-4","41370","0","Y"
"4137010100113","주공4","84.34","2000",,,,"4","2","2015","20000"," 오산동","18","922-4","41370","0","Y"
"4137010100113","주공4","84.34","2000"," "," ","24800","14","2","2015",," 오산동","12","922-4","41370",,"N"
"4137010100113","주공4","84.34","2000",,,,"25","2","2015","18000"," 오산동","16","922-4","41370","0","Y"
"4137010100113","주공4","84.34","2000"," "," ","24800","27","2","2015",," 오산동","16","922-4","41370",,"N"
"4137010100113","주공4","84.34","2000"," "," ","23800","28","2","2015",," 오산동","17","922-4","41370",,"N"
"4137010100113","주공4","84.34","2000"," "," ","22300","3","3","2015",," 오산동","4","922-4","41370",,"N"
"4137010100113","주공4","84.34","2000"," "," ","24750","4","3","2015",," 오산동","14","922-4","41370",,"N"
"4137010100113","주공4","84.34","2000"," "," ","23200","7","3","2015",," 오산동","3","922-4","41370",,"N"
"4137010100113","주공4","84.34","2000",,,,"12","3","2015","20000"," 오산동","4","922-4","41370","0","Y"
"4137010100113","주공4","84.34","2000",,,,"13","3","2015","20000"," 오산동","4","922-4","41370","0","Y"
"4137010100113","주공4","84.34","2000"," "," ","24500","14","3","2015",," 오산동","17","922-4","41370",,"N"
"4137010100113","주공4","84.34","2000",,,,"16","3","2015","21000"," 오산동","17","922-4","41370","0","Y"
"4137010100113","주공4","84.34","2000",,,,"4","4","2015","20000"," 오산동","20","922-4","41370","0","Y"
"4137010100113","주공4","84.34","2000"," "," ","23200","6","4","2015",," 오산동","17","922-4","41370",,"N"
"4137010100113","주공4","84.34","2000",,,,"15","4","2015","20000"," 오산동","4","922-4","41370","0","Y"
"4137010100113","주공4","84.34","2000",,,,"17","4","2015","19500"," 오산동","11","922-4","41370","0","Y"
"4137010100113","주공4","84.34","2000",,,,"21","4","2015","2000"," 오산동","14","922-4","41370","0","Y"
"4137010100113","주공4","84.34","2000",,,,"28","4","2015","21000"," 오산동","17","922-4","41370","0","Y"
"4137010100113","주공4","84.34","2000",,,,"30","4","2015","21000"," 오산동","3","922-4","41370","0","Y"
"4137010100113","주공4","84.34","2000"," "," ","23500","30","4","2015",," 오산동","4","922-4","41370",,"N"
"4137010100113","주공4","84.34","2000",,,,"1","5","2015","20000"," 오산동","22","922-4","41370","0","Y"
"4137010100113","주공4","84.34","2000",,,,"11","5","2015","21000"," 오산동","17","922-4","41370","0","Y"
"4137010100113","주공4","84.34","2000",,,,"18","5","2015","2000"," 오산동","17","922-4","41370","75","Y"
"4137010100113","주공4","84.34","2000"," "," ","24250","18","5","2015",," 오산동","3","922-4","41370",,"N"
"4137010100113","주공4","84.34","2000",,,,"21","5","2015","19000"," 오산동","19","922-4","41370","0","Y"
"4137010100113","주공4","84.34","2000",,,,"22","5","2015","17000"," 오산동","22","922-4","41370","0","Y"
"4137010100113","주공4","84.34","2000"," "," ","25000","26","5","2015",," 오산동","3","922-4","41370",,"N"
"4137010100113","주공4","84.34","2000"," "," ","24400","29","5","2015",," 오산동","17","922-4","41370",,"N"
"4137010100113","주공4","84.34","2000",,,,"24","6","2015","20000"," 오산동","5","922-4","41370","0","Y"
"4137010100113","주공4","84.34","2000",,,,"21","7","2015","18000"," 오산동","20","922-4","41370","0","Y"
"4137010100113","주공4","84.34","2000"," "," ","23000","29","7","2015",," 오산동","11","922-4","41370",,"N"
"4137010100113","주공4","84.34","2000"," "," ","24700","31","7","2015",," 오산동","17","922-4","41370",,"N"
"4137010100113","주공4","84.34","2000",,,,"7","8","2015","2000"," 오산동","12","922-4","41370","0","Y"
"4137010100113","주공4","84.34","2000",,,,"8","8","2015","20000"," 오산동","6","922-4","41370","0","Y"
"4137010100113","주공4","84.34","2000",,,,"11","8","2015","20000"," 오산동","5","922-4","41370","0","Y"
"4137010100113","주공4","84.34","2000"," "," ","24100","14","8","2015",," 오산동","7","922-4","41370",,"N"
"4137010100113","주공4","84.34","2000"," "," ","21950","19","8","2015",," 오산동","1","922-4","41370",,"N"
"4137010100113","주공4","84.34","2000",,,,"19","8","2015","20000"," 오산동","16","922-4","41370","0","Y"
"4137010100113","주공4","84.34","2000",,,,"29","8","2015","20000"," 오산동","16","922-4","41370","0","Y"
"4137010100113","주공4","84.34","2000"," "," ","24900","29","8","2015",," 오산동","13","922-4","41370",,"N"
"4137010100113","주공4","84.34","2000",,,,"29","8","2015","18000"," 오산동","17","922-4","41370","0","Y"
"4137010100113","주공4","84.34","2000",,,,"1","9","2015","21000"," 오산동","13","922-4","41370","0","Y"
"4137010100113","주공4","84.34","2000"," "," ","24300","16","9","2015",," 오산동","11","922-4","41370",,"N"
"4137010100113","주공4","84.34","2000",,,,"19","9","2015","18000"," 오산동","17","922-4","41370","0","Y"
"4137010100113","주공4","84.34","2000",,,,"2","10","2015","22000"," 오산동","11","922-4","41370","0","Y"
"4137010100113","주공4","84.34","2000"," "," ","25000","3","10","2015",," 오산동","7","922-4","41370",,"N"
"4137010100113","주공4","84.34","2000",,,,"5","10","2015","20000"," 오산동","9","922-4","41370","0","Y"
"4137010100113","주공4","84.34","2000"," "," ","25300","5","10","2015",," 오산동","14","922-4","41370",,"N"
"4137010100113","주공4","84.34","2000",,,,"17","10","2015","21000"," 오산동","14","922-4","41370","0","Y"
"4137010100113","주공4","84.34","2000",,,,"17","10","2015","20000"," 오산동","3","922-4","41370","0","Y"
"4137010100113","주공4","84.34","2000",,,,"19","10","2015","19000"," 오산동","12","922-4","41370","0","Y"
"4137010100113","주공4","84.34","2000"," "," ","25400","28","10","2015",," 오산동","13","922-4","41370",,"N"
"4137010100113","주공4","84.34","2000"," "," ","25300","31","10","2015",," 오산동","17","922-4","41370",,"N"
"4137010100113","주공4","84.34","2000",,,,"2","11","2015","21000"," 오산동","13","922-4","41370","0","Y"
"4137010100113","주공4","84.34","2000",,,,"2","11","2015","20000"," 오산동","17","922-4","41370","0","Y"
"4137010100113","주공4","84.34","2000"," "," ","19800","6","11","2015",," 오산동","1","922-4","41370",,"N"
"4137010100113","주공4","84.34","2000",,,,"9","11","2015","19000"," 오산동","10","922-4","41370","0","Y"
"4137010100113","주공4","84.34","2000",,,,"9","11","2015","20000"," 오산동","9","922-4","41370","0","Y"
"4137010100113","주공4","84.34","2000",,,,"10","11","2015","5000"," 오산동","8","922-4","41370","60","Y"
"4137010100113","주공4","84.34","2000"," "," ","24000","10","11","2015",," 오산동","3","922-4","41370",,"N"
"4137010100113","주공4","84.34","2000"," "," ","24000","12","11","2015",," 오산동","18","922-4","41370",,"N"
"4137010100113","주공4","84.34","2000",,,,"14","11","2015","21000"," 오산동","18","922-4","41370","0","Y"
"4137010100113","주공4","84.34","2000"," "," ","23000","24","11","2015",," 오산동","8","922-4","41370",,"N"
"4137010100113","주공4","84.34","2000",,,,"26","11","2015","18000"," 오산동","8","922-4","41370","0","Y"
"4137010100113","주공4","84.34","2000"," "," ","22500","26","11","2015",," 오산동","4","922-4","41370",,"N"
"4137010100113","주공4","84.34","2000",,,,"30","11","2015","22000"," 오산동","11","922-4","41370","0","Y"
"4137010100113","주공4","84.34","2000"," "," ","23400","30","11","2015",," 오산동","3","922-4","41370",,"N"
"4137010100113","주공4","84.34","2000"," "," ","23000","1","12","2015",," 오산동","3","922-4","41370",,"N"
"4137010100113","주공4","84.34","2000"," "," ","25200","12","12","2015",," 오산동","8","922-4","41370",,"N"
"4137010100113","주공4","84.34","2000",,,,"14","12","2015","21500"," 오산동","3","922-4","41370","0","Y"
"4137010100113","주공4","84.34","2000"," "," ","25100","16","12","2015",," 오산동","14","922-4","41370",,"N"
"4137010100113","주공4","84.34","2000",,,,"18","12","2015","18000"," 오산동","1","922-4","41370","0","Y"
"4137010100113","주공4","84.34","2000",,,,"9","1","2016","20000"," 오산동","16","922-4","41370","0","Y"
"4137010100113","주공4","84.34","2000"," "," ","21900","21","1","2016",," 오산동","1","922-4","41370",,"N"
"4137010100113","주공4","84.34","2000",,,,"21","1","2016","20000"," 오산동","2","922-4","41370","0","Y"
"4137010100113","주공4","84.34","2000",,,,"6","2","2016","16000"," 오산동","14","922-4","41370","0","Y"
"4137010100113","주공4","84.34","2000"," "," ","23500","12","2","2016",," 오산동","4","922-4","41370",,"N"
"4137010100113","주공4","84.34","2000",,,,"13","2","2016","17500"," 오산동","10","922-4","41370","0","Y"
"4137010100113","주공4","84.34","2000",,,,"16","2","2016","20000"," 오산동","2","922-4","41370","0","Y"
"4137010100113","주공4","84.34","2000"," "," ","24200","14","3","2016",," 오산동","16","922-4","41370",,"N"
"4137010100113","주공4","84.34","2000",,,,"17","3","2016","11000"," 오산동","3","922-4","41370","0","Y"
"4137010100113","주공4","84.34","2000"," "," ","24300","8","4","2016",," 오산동","10","922-4","41370",,"N"
"4137010100113","주공4","84.34","2000"," "," ","23800","14","4","2016",," 오산동","5","922-4","41370",,"N"
"4137010100113","주공4","84.34","2000"," "," ","22000","19","4","2016",," 오산동","2","922-4","41370",,"N"
"4137010100113","주공4","84.34","2000"," "," ","22000","20","4","2016",," 오산동","4","922-4","41370",,"N"
"4137010100113","주공4","84.34","2000"," "," ","25500","25","4","2016",," 오산동","4","922-4","41370",,"N"
"4137010100113","주공4","84.34","2000"," "," ","23500","17","5","2016",," 오산동","6","922-4","41370",,"N"
"4137010100113","주공4","84.34","2000"," "," ","23700","25","5","2016",," 오산동","6","922-4","41370",,"N"
"4137010100113","주공4","84.34","2000",,,,"11","6","2016","21000"," 오산동","13","922-4","41370","0","Y"
"4137010100113","주공4","84.34","2000",,,,"28","6","2016","17000"," 오산동","16","922-4","41370","0","Y"
"4137010100113","주공4","84.34","2000"," "," ","23800","12","7","2016",," 오산동","7","922-4","41370",,"N"
"4137010100113","주공4","84.34","2000",,,,"15","7","2016","21000"," 오산동","13","922-4","41370","0","Y"
"4137010100113","주공4","84.34","2000"," "," ","24250","29","7","2016",," 오산동","13","922-4","41370",,"N"
"4137010100113","주공4","84.34","2000",,,,"31","7","2016","10000"," 오산동","13","922-4","41370","20","Y"
"4137010100113","주공4","84.34","2000",,,,"8","8","2016","19000"," 오산동","12","922-4","41370","0","Y"
"4137010100113","주공4","84.34","2000"," "," ","24400","9","8","2016",," 오산동","8","922-4","41370",,"N"
"4137010100113","주공4","84.34","2000",,,,"25","8","2016","2000"," 오산동","7","922-4","41370","85","Y"
"4137010100113","주공4","84.34","2000"," "," ","22500","26","8","2016",," 오산동","3","922-4","41370",,"N"
"4137010100113","주공4","84.34","2000"," "," ","26000","2","9","2016",," 오산동","23","922-4","41370",,"N"
"4137010100113","주공4","84.34","2000"," "," ","24000","3","9","2016",," 오산동","13","922-4","41370",,"N"
"4137010100113","주공4","84.34","2000"," "," ","22900","10","9","2016",," 오산동","2","922-4","41370",,"N"
"4137010100113","주공4","84.34","2000"," "," ","25200","12","9","2016",," 오산동","17","922-4","41370",,"N"
"4137010100113","주공4","84.34","2000"," "," ","24300","19","9","2016",," 오산동","18","922-4","41370",,"N"
"4137010100113","주공4","84.34","2000",,,,"23","9","2016","4000"," 오산동","2","922-4","41370","75","Y"
"4137010100113","주공4","84.34","2000"," "," ","24400","6","10","2016",," 오산동","17","922-4","41370",,"N"
"4137010100113","주공4","84.34","2000"," "," ","23500","13","10","2016",," 오산동","9","922-4","41370",,"N"
"4137010100113","주공4","84.34","2000"," "," ","24550","26","10","2016",," 오산동","16","922-4","41370",,"N"
"4137010100113","주공4","84.34","2000",,,,"16","11","2016","20000"," 오산동","16","922-4","41370","0","Y"
"4137010100113","주공4","84.34","2000"," "," ","23000","17","12","2016",," 오산동","4","922-4","41370",,"N"
"4137010100113","주공4","84.34","2000"," "," ","23200","19","12","2016",," 오산동","5","922-4","41370",,"N"
"4137010100113","주공4","84.34","2000",,,,"23","12","2016","20000"," 오산동","12","922-4","41370","0","Y"
"4137010100113","주공4","84.34","2000",,,,"31","12","2016","10000"," 오산동","10","922-4","41370","45","Y"
"4137010100113","주공4","84.34","2000",,,,"31","12","2016","21000"," 오산동","18","922-4","41370","0","Y"
"4137010100113","주공4","84.34","2000"," "," ","22500","3","1","2017",," 오산동","1","922-4","41370",,"N"
"4137010100113","주공4","84.34","2000",,,,"9","1","2017","2500"," 오산동","13","922-4","41370","60","Y"
"4137010100113","주공4","84.34","2000",,,,"9","1","2017","2500"," 오산동","13","922-4","41370","60","Y"
"4137010100113","주공4","84.34","2000"," "," ","24000","13","1","2017",," 오산동","12","922-4","41370",,"N"
"4137010100113","주공4","84.34","2000",,,,"13","1","2017","20000"," 오산동","15","922-4","41370","0","Y"
"4137010100113","주공4","84.34","2000"," "," ","23300","18","1","2017",," 오산동","5","922-4","41370",,"N"
"4137010100113","주공4","84.34","2000"," "," ","25800","20","1","2017",," 오산동","9","922-4","41370",,"N"
"4137010100113","주공4","84.34","2000"," "," ","24900","21","1","2017",," 오산동","15","922-4","41370",,"N"
"4137010100113","주공4","84.34","2000",,,,"6","2","2017","19500"," 오산동","1","922-4","41370","0","Y"
"4137010100113","주공4","84.34","2000"," "," ","21800","11","2","2017",," 오산동","1","922-4","41370",,"N"
"4137010100113","주공4","84.34","2000",,,,"24","2","2017","20000"," 오산동","22","922-4","41370","0","Y"
"4137010100113","주공4","84.34","2000",,,,"24","2","2017","21000"," 오산동","4","922-4","41370","0","Y"
"4137010100113","주공4","84.34","2000"," "," ","24000","13","4","2017",," 오산동","10","922-4","41370",,"N"
"4137010100113","주공4","84.34","2000",,,,"15","4","2017","18000"," 오산동","3","922-4","41370","0","Y"
"4137010100113","주공4","84.34","2000"," "," ","23800","18","4","2017",," 오산동","15","922-4","41370",,"N"
"4137010100113","주공4","84.34","2000"," "," ","24500","25","4","2017",," 오산동","15","922-4","41370",,"N"
"4137010100113","주공4","84.34","2000"," "," ","24900","17","5","2017",," 오산동","5","922-4","41370",,"N"
"4137010100113","주공4","84.34","2000"," "," ","24700","18","5","2017",," 오산동","11","922-4","41370",,"N"
"4137010100113","주공4","84.34","2000",,,,"26","5","2017","20000"," 오산동","20","922-4","41370","0","Y"
"4137010100113","주공4","84.34","2000",,,,"7","6","2017","2000"," 오산동","5","922-4","41370","80","Y"
"4137010100113","주공4","84.34","2000"," "," ","23950","11","6","2017",," 오산동","5","922-4","41370",,"N"
"4137010100113","주공4","84.34","2000"," "," ","23800","13","6","2017",," 오산동","17","922-4","41370",,"N"
"4137010100113","주공4","84.34","2000"," "," ","24000","22","6","2017",," 오산동","7","922-4","41370",,"N"
"4137010100113","주공4","84.34","2000",,,,"26","6","2017","10000"," 오산동","7","922-4","41370","50","Y"
"4137010100113","주공4","84.34","2000",,,,"11","7","2017","19000"," 오산동","6","922-4","41370","0","Y"
"4137010100113","주공4","84.34","2000"," "," ","21000","18","7","2017",," 오산동","2","922-4","41370",,"N"
"4137010100113","주공4","84.34","2000"," "," ","21500","24","7","2017",," 오산동","1","922-4","41370",,"N"
"4137010100113","주공4","84.34","2000"," "," ","23250","24","7","2017",," 오산동","3","922-4","41370",,"N"
"4137010100113","주공4","84.34","2000"," "," ","24300","25","8","2017",," 오산동","17","922-4","41370",,"N"
"4137010100113","주공4","84.34","2000",,,,"9","9","2017","21000"," 오산동","17","922-4","41370","0","Y"
"4137010100113","주공4","84.34","2000"," "," ","23300","18","9","2017",," 오산동","11","922-4","41370",,"N"
"4137010100113","주공4","84.34","2000"," "," ","22500","10","10","2017",," 오산동","15","922-4","41370",,"N"
"4137010100113","주공4","84.34","2000",,,,"15","10","2017","6000"," 오산동","16","922-4","41370","50","Y"
"4137010100113","주공4","84.34","2000",,,,"18","10","2017","18000"," 오산동","10","922-4","41370","0","Y"
"4137010100113","주공4","84.34","2000",,,,"19","10","2017","12000"," 오산동","20","922-4","41370","0","Y"
"4137010100113","주공4","84.34","2000"," "," ","22100","30","10","2017",," 오산동","5","922-4","41370",,"N"
"4137010100113","주공4","84.34","2000"," "," ","22000","15","11","2017",," 오산동","2","922-4","41370",,"N"
"4137010100113","주공4","84.34","2000"," "," ","24800","30","11","2017",," 오산동","5","922-4","41370",,"N"
"4137010100113","주공4","84.34","2000"," "," ","19000","11","12","2017",," 오산동","1","922-4","41370",,"N"
"4137010100113","주공4","84.34","2000"," "," ","20200","5","1","2018",," 오산동","2","922-4","41370",,"N"
"4137010100113","주공4","84.34","2000"," "," ","20500","22","1","2018",," 오산동","1","922-4","41370",,"N"
"4137010100113","주공4","84.34","2000",,,,"10","2","2018","200"," 오산동","15","922-4","41370","20","Y"
"4137010100113","주공4","84.34","2000",,,,"12","2","2018","17000"," 오산동","23","922-4","41370","0","Y"
"4137010100113","주공4","84.34","2000"," "," ","22500","12","2","2018",," 오산동","15","922-4","41370",,"N"
"4137010100113","주공4","84.34","2000"," "," ","20500","21","2","2018",," 오산동","1","922-4","41370",,"N"
"4137010100113","주공4","84.34","2000"," "," ","22100","12","3","2018",," 오산동","3","922-4","41370",,"N"
"4137010100113","주공4","84.34","2000",,,,"15","3","2018","16000"," 오산동","3","922-4","41370","0","Y"
"4137010100113","주공4","84.34","2000"," "," ","22600","17","3","2018",," 오산동","9","922-4","41370",,"N"
"4137010100113","주공4","84.34","2000",,,,"26","3","2018","18000"," 오산동","3","922-4","41370","0","Y"
"4137010100113","주공4","84.34","2000",,,,"27","3","2018","17000"," 오산동","12","922-4","41370","0","Y"
"4137010100113","주공4","84.34","2000",,,,"7","4","2018","15000"," 오산동","5","922-4","41370","0","Y"
"4137010100113","주공4","84.34","2000"," "," ","21400","9","4","2018",," 오산동","16","922-4","41370",,"N"
"4137010100113","주공4","84.34","2000"," "," ","21850","12","4","2018",," 오산동","12","922-4","41370",,"N"
"4137010100113","주공4","84.34","2000"," "," ","22000","14","4","2018",," 오산동","12","922-4","41370",,"N"
"4137010100113","주공4","84.34","2000"," "," ","20800","7","5","2018",," 오산동","19","922-4","41370",,"N"
"4137010100113","주공4","84.34","2000"," "," ","20900","18","5","2018",," 오산동","12","922-4","41370",,"N"
"4137010100113","주공4","84.34","2000",,,,"23","5","2018","18000"," 오산동","9","922-4","41370","0","Y"
"4137010100113","주공4","84.34","2000",,,,"18","6","2018","17000"," 오산동","18","922-4","41370","0","Y"
"4137010100113","주공4","84.34","2000"," "," ","19800","20","6","2018",," 오산동","2","922-4","41370",,"N"
"4137010100113","주공4","84.34","2000"," "," ","21800","1","8","2018",," 오산동","5","922-4","41370",,"N"
"4137010100113","주공4","84.34","2000"," "," ","20300","4","8","2018",," 오산동","9","922-4","41370",,"N"
"4137010100113","주공4","84.34","2000",,,,"27","8","2018","20500"," 오산동","17","922-4","41370","0","Y"
"4137010100113","주공4","84.34","2000"," "," ","22300","4","9","2018",," 오산동","3","922-4","41370",,"N"
"4137010100113","주공4","84.34","2000",,,,"7","9","2018","18000"," 오산동","5","922-4","41370","0","Y"
"4137010100113","주공4","84.34","2000",,,,"21","9","2018","22000"," 오산동","6","922-4","41370","0","Y"
"4137010100113","주공4","84.34","2000"," "," ","21300","10","10","2018",," 오산동","13","922-4","41370",,"N"
"4137010100113","주공4","84.34","2000"," "," ","21800","13","10","2018",," 오산동","17","922-4","41370",,"N"
"4137010100113","주공4","84.34","2000"," "," ","19500","22","10","2018",," 오산동","8","922-4","41370",,"N"
"4137010100113","주공4","84.34","2000"," "," ","20500","22","10","2018",," 오산동","9","922-4","41370",,"N"
"4137010100113","주공4","84.34","2000"," "," ","20000","1","11","2018",," 오산동","6","922-4","41370",,"N"
"4137010100113","주공4","84.34","2000",,,,"15","11","2018","20000"," 오산동","11","922-4","41370","0","Y"
"4137010100113","주공4","84.34","2000",,,,"21","11","2018","2000"," 오산동","5","922-4","41370","70","Y"
"4137010100113","주공4","84.34","2000",,,,"14","12","2018","18000"," 오산동","8","922-4","41370","0","Y"
"4137010100113","주공4","84.34","2000"," "," ","21000","26","12","2018",," 오산동","9","922-4","41370",,"N"
"4137010100113","주공4","84.34","2000"," "," ","19200","9","1","2019",," 오산동","10","922-4","41370",,"N"
"4137010100113","주공4","84.34","2000"," "," ","21800","17","1","2019",," 오산동","4","922-4","41370",,"N"
"4137010100113","주공4","84.34","2000",,,,"19","1","2019","2000"," 오산동","13","922-4","41370","70","Y"
"4137010100113","주공4","84.34","2000"," "," ","22000","26","1","2019",," 오산동","12","922-4","41370",,"N"
"4137010100113","주공4","84.34","2000"," "," ","21000","26","2","2019",," 오산동","8","922-4","41370",,"N"
"4137010100113","주공4","84.34","2000"," "," ","21000","27","2","2019",," 오산동","17","922-4","41370",,"N"
"4137010100113","주공4","84.34","2000",,,,"12","3","2019","18000"," 오산동","15","922-4","41370","0","Y"
"4137010100113","주공4","84.34","2000",,,,"16","3","2019","18500"," 오산동","16","922-4","41370","0","Y"
"4137010100113","주공4","84.34","2000",,,,"16","3","2019","7500"," 오산동","2","922-4","41370","40","Y"
"4137010100113","주공4","84.34","2000"," "," ","20500","22","3","2019",," 오산동","9","922-4","41370",,"N"
"4137010100113","주공4","84.34","2000",,,,"28","3","2019","2000"," 오산동","3","922-4","41370","55","Y"
"4137010100113","주공4","84.34","2000"," "," ","22400","30","3","2019",," 오산동","16","922-4","41370",,"N"
"4137010100113","주공4","84.34","2000"," "," ","19000","5","4","2019",," 오산동","21","922-4","41370",,"N"
"4137010100113","주공4","84.34","2000",,,,"13","4","2019","16500"," 오산동","22","922-4","41370","0","Y"
"4137010100113","주공4","84.34","2000"," "," ","20300","18","4","2019",," 오산동","10","922-4","41370",,"N"
"4137010100113","주공4","84.34","2000"," "," ","19400","24","4","2019",," 오산동","3","922-4","41370",,"N"
"4137010100113","주공4","84.34","2000"," "," ","20900","1","5","2019",," 오산동","13","922-4","41370",,"N"
"4137010100113","주공4","84.34","2000"," "," ","20000","2","5","2019",," 오산동","17","922-4","41370",,"N"
"4137010100113","주공4","84.34","2000"," "," ","21400","7","5","2019",," 오산동","5","922-4","41370",,"N"
"4137010100113","주공4","84.34","2000"," "," ","20950","13","5","2019",," 오산동","10","922-4","41370",,"N"
"4137010100113","주공4","84.34","2000"," "," ","20700","17","5","2019",," 오산동","18","922-4","41370",,"N"
"4137010100113","주공4","84.34","2000",,,,"29","5","2019","16500"," 오산동","20","922-4","41370","0","Y"
"4137010100113","주공4","84.34","2000"," "," ","18500","5","7","2019",," 오산동","6","922-4","41370",,"N"
"4137010100113","주공4","84.34","2000"," "," ","20300","6","7","2019",," 오산동","9","922-4","41370",,"N"
"4137010100113","주공4","84.34","2000",,,,"17","7","2019","20000"," 오산동","20","922-4","41370","0","Y"
"4137010100113","주공4","84.34","2000"," "," ","20400","2","8","2019",""," 오산동","6","922-4","41370","","N"
"4137010100113","주공4","84.34","2000"," "," ","21000","10","8","2019",""," 오산동","16","922-4","41370","","N"
"4137010100113","주공4","84.34","2000"," "," ","20300","17","8","2019",""," 오산동","5","922-4","41370","","N"
"4137010100113","주공4","84.34","2000","","","","30","8","2019","13500"," 오산동","17","922-4","41370","0","Y"
"4137010100113","주공4","84.34","2000"," "," ","21500","3","9","2019",""," 오산동","7","922-4","41370","","N"
"4137010100113","주공4","84.34","2000"," "," ","20300","4","9","2019",""," 오산동","16","922-4","41370","","N"
"4137010100113","주공4","84.34","2000"," "," ","18500","5","9","2019",""," 오산동","16","922-4","41370","","N"
"4137010100113","주공4","84.34","2000"," "," ","20500","5","10","2019",""," 오산동","4","922-4","41370","","N"
"4137010100113","주공4","84.34","2000"," "," ","19400","8","10","2019",""," 오산동","7","922-4","41370","","N"
"4137010100113","주공4","84.34","2000","","","","15","10","2019","6000"," 오산동","16","922-4","41370","0","Y"
"4137010100113","주공4","84.34","2000","","","","31","10","2019","20000"," 오산동","3","922-4","41370","0","Y"
"4137010100113","주공4","84.34","2000","","","","27","11","2019","18500"," 오산동","4","922-4","41370","0","Y"
"4137010100113","주공4","84.34","2000"," "," ","20900","28","11","2019",""," 오산동","19","922-4","41370","","N"
"4137010100113","주공4","84.34","2000"," "," ","20000","2","12","2019",""," 오산동","14","922-4","41370","","N"
"4137010100113","주공4","84.34","2000"," "," ","21300","5","12","2019",""," 오산동","19","922-4","41370","","N"
"4137010100113","주공4","84.34","2000"," "," ","21800","18","12","2019",""," 오산동","15","922-4","41370","","N"
"4137010100113","주공4","84.34","2000"," "," ","23500","24","12","2019",""," 오산동","7","922-4","41370","","N"
"4137010100113","주공4","84.34","2000"," "," ","20000","2","1","2020",""," 오산동","10","922-4","41370","","N"
"4137010100113","주공4","84.34","2000"," "," ","20200","4","1","2020",""," 오산동","17","922-4","41370","","N"
"4137010100113","주공4","84.34","2000"," "," ","22000","6","1","2020",""," 오산동","11","922-4","41370","","N"
"4137010100113","주공4","84.34","2000"," "," ","21000","9","1","2020",""," 오산동","9","922-4","41370","","N"
"4137010100113","주공4","84.34","2000","","","","13","1","2020","18000"," 오산동","14","922-4","41370","0","Y"
"4137010100113","주공4","84.34","2000"," "," ","19800","14","1","2020",""," 오산동","23","922-4","41370","","N"
"4137010100113","주공4","84.34","2000","","","","17","1","2020","19000"," 오산동","18","922-4","41370","0","Y"
"4137010100113","주공4","84.34","2000"," "," ","21800","17","1","2020",""," 오산동","10","922-4","41370","","N"
"4137010100113","주공4","84.34","2000"," "," ","20600","21","1","2020",""," 오산동","5","922-4","41370","","N"
"4137010100113","주공4","84.34","2000","","","","6","2","2020","20000"," 오산동","11","922-4","41370","0","Y"
"4137010100113","주공4","84.34","2000","","","","6","2","2020","20000"," 오산동","11","922-4","41370","0","Y"
"4137010100113","주공4","84.34","2000"," "," ","24000","7","2","2020",""," 오산동","4","922-4","41370","","N"
"4137010100113","주공4","84.34","2000"," "," ","22800","7","2","2020",""," 오산동","5","922-4","41370","","N"
"4137010100113","주공4","84.34","2000","","","","8","2","2020","15000"," 오산동","5","922-4","41370","0","Y"
"4137010100113","주공4","84.34","2000"," "," ","21700","10","2","2020",""," 오산동","11","922-4","41370","","N"
"4137010100113","주공4","84.34","2000"," "," ","20280","18","2","2020",""," 오산동","4","922-4","41370","","N"
"4137010100113","주공4","84.34","2000"," "," ","23000","19","2","2020",""," 오산동","17","922-4","41370","","N"
"4137010100113","주공4","84.34","2000","","","","19","2","2020","2000"," 오산동","13","922-4","41370","70","Y"
"4137010100113","주공4","84.34","2000"," "," ","22700","20","2","2020",""," 오산동","8","922-4","41370","","N"
"4137010100113","주공4","84.34","2000","","","","22","2","2020","20000"," 오산동","9","922-4","41370","0","Y"
"4137010100113","주공4","84.34","2000"," "," ","22500","22","2","2020",""," 오산동","9","922-4","41370","","N"
"4137010100113","주공4","84.34","2000"," "," ","23900","24","2","2020",""," 오산동","12","922-4","41370","","N"
"4137010100113","주공4","84.34","2000"," "," ","24300","28","2","2020",""," 오산동","6","922-4","41370","","N"
"4137010100113","주공4","84.34","2000","","","","5","3","2020","17500"," 오산동","1","922-4","41370","0","Y"
"4137010100113","주공4","84.34","2000"," "," ","24600","9","3","2020",""," 오산동","4","922-4","41370","","N"
"4137010100113","주공4","84.34","2000"," "," ","26000","14","3","2020",""," 오산동","10","922-4","41370","","N"
"4137010100113","주공4","84.34","2000","20.08.28","O","26000","14","3","2020",""," 오산동","10","922-4","41370","","N"
"4137010100113","주공4","84.34","2000","","","","21","3","2020","19000"," 오산동","11","922-4","41370","0","Y"
"4137010100113","주공4","84.34","2000","","","","25","3","2020","18000"," 오산동","12","922-4","41370","0","Y"
"4137010100113","주공4","84.34","2000"," "," ","24700","30","3","2020",""," 오산동","19","922-4","41370","","N"
"4137010100113","주공4","84.34","2000"," "," ","26500","10","4","2020",""," 오산동","15","922-4","41370","","N"
"4137010100113","주공4","84.34","2000","","","","17","4","2020","18000"," 오산동","16","922-4","41370","0","Y"
"4137010100113","주공4","84.34","2000"," "," ","23100","21","4","2020",""," 오산동","12","922-4","41370","","N"
"4137010100113","주공4","84.34","2000"," "," ","25300","4","5","2020",""," 오산동","17","922-4","41370","","N"
"4137010100113","주공4","84.34","2000"," "," ","25200","5","5","2020",""," 오산동","8","922-4","41370","","N"
"4137010100113","주공4","84.34","2000"," "," ","23500","11","5","2020",""," 오산동","16","922-4","41370","","N"
"4137010100113","주공4","84.34","2000"," "," ","24000","22","5","2020",""," 오산동","6","922-4","41370","","N"
"4137010100113","주공4","84.34","2000"," "," ","24700","2","6","2020",""," 오산동","15","922-4","41370","","N"
"4137010100113","주공4","84.34","2000"," "," ","20000","8","6","2020",""," 오산동","1","922-4","41370","","N"
"4137010100113","주공4","84.34","2000"," "," ","25000","9","6","2020",""," 오산동","4","922-4","41370","","N"
"4137010100113","주공4","84.34","2000"," "," ","20000","11","6","2020",""," 오산동","1","922-4","41370","","N"
"4137010100113","주공4","84.34","2000"," "," ","24200","12","6","2020",""," 오산동","20","922-4","41370","","N"
"4137010100113","주공4","84.34","2000"," "," ","21300","13","6","2020",""," 오산동","1","922-4","41370","","N"
"4137010100113","주공4","84.34","2000","","","","1","7","2020","17000"," 오산동","20","922-4","41370","0","Y"
"4137010100113","주공4","84.34","2000"," "," ","26700","6","7","2020",""," 오산동","8","922-4","41370","","N"
"4137010100113","주공4","84.34","2000","20.11.18","O","26700","6","7","2020",""," 오산동","8","922-4","41370","","N"
"4137010100113","주공4","84.34","2000"," "," ","21500","7","7","2020",""," 오산동","1","922-4","41370","","N"
"4137010100113","주공4","84.34","2000"," "," ","25600","17","7","2020",""," 오산동","12","922-4","41370","","N"
"4137010100113","주공4","84.34","2000"," "," ","24000","22","7","2020",""," 오산동","20","922-4","41370","","N"
"4137010100113","주공4","84.34","2000"," "," ","27000","24","8","2020",""," 오산동","2","922-4","41370","","N"
"4137010100113","주공4","84.34","2000"," "," ","27500","28","8","2020",""," 오산동","8","922-4","41370","","N"
"4137010100113","주공4","84.34","2000","20.11.19","O","27000","26","9","2020",""," 오산동","8","922-4","41370","","N"
"4137010100113","주공4","84.34","2000"," "," ","28400","29","9","2020",""," 오산동","18","922-4","41370","","N"
"4137010100113","주공4","84.34","2000"," "," ","26700","8","10","2020",""," 오산동","9","922-4","41370","","N"
"4137010100113","주공4","84.34","2000"," "," ","28400","29","10","2020",""," 오산동","12","922-4","41370","","N"
"4137010100113","주공4","84.34","2000","","","","31","10","2020","18375"," 오산동","18","922-4","41370","0","Y"
"4137010100113","주공4","84.34","2000"," "," ","28600","10","11","2020",""," 오산동","6","922-4","41370","","N"
"4137010100113","주공4","84.34","2000","","","","13","11","2020","2000"," 오산동","14","922-4","41370","85","Y"
"4137010100113","주공4","84.34","2000"," "," ","27500","19","11","2020",""," 오산동","4","922-4","41370","","N"
"4137010100113","주공4","84.34","2000"," "," ","27000","24","11","2020",""," 오산동","9","922-4","41370","","N"
"4137010100113","주공4","84.34","2000"," "," ","28000","28","11","2020",""," 오산동","8","922-4","41370","","N"
"4137010100113","주공4","84.34","2000"," "," ","28000","2","12","2020",""," 오산동","14","922-4","41370","","N"
"4137010100113","주공4","84.34","2000","","","","4","12","2020","20000"," 오산동","5","922-4","41370","0","Y"
"4137010100113","주공4","84.34","2000","","","","8","12","2020","4000"," 오산동","16","922-4","41370","80","Y"
"4137010100113","주공4","84.34","2000","","","","9","12","2020","18000"," 오산동","8","922-4","41370","30","Y"
"4137010100113","주공4","84.34","2000"," "," ","23800","17","12","2020",""," 오산동","1","922-4","41370","","N"
"4137010100113","주공4","84.34","2000"," "," ","25300","23","12","2020",""," 오산동","1","922-4","41370","","N"
"4137010100113","주공4","84.34","2000"," "," ","28000","8","1","2021",""," 오산동","18","922-4","41370","","N"
"4137010100113","주공4","84.34","2000","","","","12","1","2021","16800"," 오산동","15","922-4","41370","0","Y"
"4137010100113","주공4","84.34","2000"," "," ","24500","12","1","2021",""," 오산동","4","922-4","41370","","N"
"4137010100113","주공4","84.34","2000","","","","24","1","2021","25000"," 오산동","3","922-4","41370","0","Y"
"4137010100113","주공4","84.34","2000"," "," ","29500","30","1","2021",""," 오산동","17","922-4","41370","","N"
"4137010100113","주공4","84.34","2000","","","","6","2","2021","19425"," 오산동","1","922-4","41370","0","Y"
"4137010100113","주공4","84.34","2000"," "," ","32000","6","2","2021",""," 오산동","16","922-4","41370","","N"
"4137010100113","주공4","84.34","2000"," "," ","31500","8","3","2021",""," 오산동","17","922-4","41370","","N"
"4137010100113","주공4","84.34","2000"," "," ","30000","11","3","2021",""," 오산동","8","922-4","41370","","N"
"4137010100113","주공4","84.34","2000"," "," ","26200","15","3","2021",""," 오산동","9","922-4","41370","","N"
"4137010100113","주공4","84.34","2000"," "," ","29000","15","3","2021",""," 오산동","16","922-4","41370","","N"
"4137010100113","주공4","84.34","2000","","","","20","3","2021","17000"," 오산동","22","922-4","41370","0","Y"
"4137010100113","주공4","84.34","2000"," "," ","31000","15","4","2021",""," 오산동","15","922-4","41370","","N"
"4137010100113","주공4","84.34","2000"," "," ","36000","16","4","2021",""," 오산동","10","922-4","41370","","N"
"4137010100113","주공4","84.34","2000"," "," ","29500","17","4","2021",""," 오산동","2","922-4","41370","","N"
"4137010100113","주공4","84.34","2000"," "," ","30000","23","4","2021",""," 오산동","3","922-4","41370","","N"
"4137010100113","주공4","84.34","2000"," "," ","32800","24","4","2021",""," 오산동","11","922-4","41370","","N"
"4137010100113","주공4","84.34","2000"," "," ","30000","26","4","2021",""," 오산동","4","922-4","41370","","N"
"4137010100113","주공4","84.34","2000","","","","26","4","2021","28500"," 오산동","11","922-4","41370","0","Y"
"4137010100113","주공4","84.34","2000","","","","28","4","2021","28500"," 오산동","11","922-4","41370","0","Y"
"4137010100113","주공4","84.34","2000","21.05.28","O","25000","29","4","2021",""," 오산동","19","922-4","41370","","N"
"4137010100113","주공4","84.34","2000"," "," ","34900","30","4","2021",""," 오산동","16","922-4","41370","","N"
"4137010100113","주공4","84.34","2000"," "," ","35000","1","5","2021",""," 오산동","10","922-4","41370","","N"
"4137010100113","주공4","84.34","2000","","","","1","5","2021","31000"," 오산동","16","922-4","41370","0","Y"
"4137010100113","주공4","84.34","2000"," "," ","35000","1","5","2021",""," 오산동","13","922-4","41370","","N"
"4137010100113","주공4","84.34","2000"," "," ","37000","12","5","2021",""," 오산동","12","922-4","41370","","N"
"4137010100113","주공4","84.34","2000","","","","17","5","2021","23000"," 오산동","20","922-4","41370","0","Y"
"4137010100113","주공4","84.34","2000","","","","24","5","2021","28500"," 오산동","2","922-4","41370","0","Y"
"4137010100113","주공4","84.34","2000"," "," ","34700","26","5","2021",""," 오산동","2","922-4","41370","","N"
"4137010100113","주공4","84.34","2000"," "," ","37800","7","6","2021",""," 오산동","17","922-4","41370","","N"
"4137010100113","주공4","84.34","2000","","","","26","6","2021","30000"," 오산동","23","922-4","41370","0","Y"
"4137010100113","주공4","84.34","2000"," "," ","39000","29","6","2021",""," 오산동","14","922-4","41370","","N"
"4137010100113","주공4","84.34","2000","","","","2","7","2021","33000"," 오산동","13","922-4","41370","0","Y"
"4137010100113","주공4","84.34","2000"," "," ","38000","10","7","2021",""," 오산동","2","922-4","41370","","N"
"4137010100113","주공4","84.34","2000"," "," ","43900","17","7","2021",""," 오산동","5","922-4","41370","","N"
"4137010100113","주공4","84.34","2000"," "," ","42000","20","7","2021",""," 오산동","6","922-4","41370","","N"
"4137010100113","주공4","84.34","2000"," "," ","39500","23","7","2021",""," 오산동","5","922-4","41370","","N"
"4137010100113","주공4","84.34","2000","","","","28","7","2021","31000"," 오산동","2","922-4","41370","0","Y"
"4137010100113","주공4","84.34","2000"," "," ","30600","16","8","2021",""," 오산동","20","922-4","41370","","N"
"4137010100113","주공4","84.34","2000"," "," ","43800","18","8","2021",""," 오산동","4","922-4","41370","","N"
